ORDER	19	0	95	2066361	2074682
ORDER	20	0	55	3121336	3129657
ORDER	57	0	46	3121336	3129657
ORDER	91	0	51	3354195	3362516
ORDER	117	0	31	3354195	3362516
ORDER	123	0	78	3354195	3362516
ORDER	130	0	72	3362516	3370837
ORDER	144	0	76	3362516	3370837
ORDER	161	0	84	3370837	3379158
ORDER	166	0	60	3370837	3379158
ORDER	175	0	2	3370837	3379158
ORDER	195	0	45	3379158	3387479
ORDER	196	0	96	3379158	3387479
ORDER	213	0	94	3387479	3395800
ORDER	215	0	5	3387479	3395800
ORDER	220	0	20	3387479	3395800
ORDER	225	0	33	3387479	3395800
ORDER	225	0	16	3395800	3404121
ORDER	226	0	65	3395800	3404121
ORDER	242	0	11	3395800	3404121
ORDER	246	0	38	3395800	3404121
ORDER	250	0	20	3395800	3404121
ORDER	260	0	49	3404121	3412442
ORDER	270	0	60	3404121	3412442
ORDER	282	0	49	3404121	3412442
ORDER	294	0	37	3412442	3420763
ORDER	295	0	97	3412442	3420763
ORDER	297	0	70	3420763	3429084
ORDER	319	0	22	3420763	3429084
ORDER	330	0	63	3420763	3429084
ORDER	330	0	22	3429084	3437405
ORDER	334	0	12	3429084	3437405
ORDER	335	0	46	3429084	3437405
ORDER	338	0	54	3429084	3437405
ORDER	353	0	82	3437405	3445726
ORDER	359	0	61	3437405	3445726
ORDER	359	0	39	3445726	3454047
ORDER	360	0	88	3445726	3454047
ORDER	363	0	37	3445726	3454047
ORDER	363	0	42	3454047	3462368
ORDER	376	0	47	3454047	3462368
ORDER	395	0	56	3454047	3462368
ORDER	421	0	3	3454047	3462368
ORDER	458	0	14	3454047	3462368
ORDER	461	0	79	3462368	3470689
ORDER	468	0	42	3462368	3470689
ORDER	475	0	3	3462368	3470689
ORDER	493	0	42	3462368	3470689
ORDER	493	0	42	3470689	3479010
ORDER	518	0	95	3470689	3479010
ORDER	539	0	2	3470689	3479010
ORDER	548	0	15	3470689	3479010
ORDER	567	0	86	3479010	3487331
ORDER	612	0	79	3479010	3487331
ORDER	615	0	39	3487331	3495652
ORDER	630	0	27	3487331	3495652
ORDER	632	0	69	3487331	3495652
ORDER	649	0	17	3487331	3495652
ORDER	656	0	29	3495652	3503973
ORDER	664	0	73	3495652	3503973
ORDER	679	0	62	3495652	3503973
ORDER	679	0	5	3503973	3512294
ORDER	694	0	39	3503973	3512294
ORDER	695	0	59	3503973	3512294
ORDER	714	0	11	3503973	3512294
ORDER	722	0	42	3503973	3512294
ORDER	722	0	36	3512294	3520615
ORDER	724	0	81	3512294	3520615
ORDER	726	0	40	3512294	3520615
ORDER	726	0	21	3520615	3528936
ORDER	728	0	60	3520615	3528936
ORDER	733	0	85	3520615	3528936
ORDER	733	0	14	3528936	3537257
ORDER	736	0	42	3528936	3537257
ORDER	744	0	31	3528936	3537257
ORDER	752	0	59	3528936	3537257
ORDER	762	0	32	3537257	3545578
ORDER	771	0	61	3537257	3545578
ORDER	776	0	6	3537257	3545578
ORDER	794	0	43	3537257	3545578
ORDER	794	0	41	3545578	3553899
ORDER	803	0	72	3545578	3553899
ORDER	809	0	41	3545578	3553899
ORDER	810	0	75	3553899	3562220
ORDER	841	0	84	3553899	3562220
ORDER	845	0	7	3553899	3562220
ORDER	845	0	8	3562220	3570541
ORDER	846	0	10	3562220	3570541
ORDER	847	0	31	3562220	3570541
ORDER	861	0	68	3562220	3570541
ORDER	874	0	30	3562220	3570541
ORDER	881	0	17	3562220	3570541
ORDER	881	0	36	3570541	3578862
ORDER	884	0	92	3570541	3578862
ORDER	887	0	6	3570541	3578862
ORDER	893	0	30	3570541	3578862
ORDER	893	0	9	3578862	3587183
ORDER	905	0	55	3578862	3587183
ORDER	934	0	9	3578862	3587183
ORDER	957	0	25	3578862	3587183
ORDER	969	0	30	3578862	3587183
ORDER	972	0	36	3578862	3587183
ORDER	972	0	12	3587183	3595504
ORDER	982	0	74	3587183	3595504
ORDER	994	0	65	3587183	3595504
ORDER	996	0	91	3595504	3603825
ORDER	2	1	93	1059490	1100461
ORDER	17	1	4	1306652	1347623
ORDER	21	1	50	1306652	1347623
ORDER	34	1	81	2475463	2516434
ORDER	39	1	84	2537022	2577993
ORDER	45	1	94	2537022	2577993
ORDER	55	1	61	2678400	2719371
ORDER	61	1	95	2678400	2719371
ORDER	65	1	23	2678400	2719371
ORDER	65	1	45	2719371	2760342
ORDER	70	1	55	2719371	2760342
ORDER	76	1	78	2719371	2760342
ORDER	84	1	89	2760342	2801313
ORDER	96	1	57	2760342	2801313
ORDER	105	1	7	2760342	2801313
ORDER	108	1	3	2760342	2801313
ORDER	110	1	45	2801313	2842284
ORDER	122	1	17	2801313	2842284
ORDER	132	1	58	2801313	2842284
ORDER	159	1	25	2801313	2842284
ORDER	173	1	32	2801313	2842284
ORDER	173	1	9	2842284	2883255
ORDER	176	1	79	3102432	3143403
ORDER	179	1	89	3102432	3143403
ORDER	186	1	76	3143403	3184374
ORDER	191	1	77	3143403	3184374
ORDER	198	1	95	3325800	3366771
ORDER	199	1	49	3325800	3366771
ORDER	221	1	33	3325800	3366771
ORDER	221	1	48	3366771	3407742
ORDER	228	1	31	3366771	3407742
ORDER	257	1	10	3366771	3407742
ORDER	259	1	49	3366771	3407742
ORDER	283	1	14	3366771	3407742
ORDER	286	1	25	3366771	3407742
ORDER	286	1	68	3407742	3448713
ORDER	314	1	83	3407742	3448713
ORDER	318	1	27	3407742	3448713
ORDER	326	1	71	3448713	3489684
ORDER	327	1	52	3448713	3489684
ORDER	329	1	53	3448713	3489684
ORDER	329	1	35	3489684	3530655
ORDER	342	1	38	3489684	3530655
ORDER	347	1	29	3489684	3530655
ORDER	349	1	70	3489684	3530655
ORDER	349	1	20	3530655	3571626
ORDER	356	1	45	3530655	3571626
ORDER	391	1	89	3530655	3571626
ORDER	398	1	69	3571626	3612597
ORDER	405	1	27	3571626	3612597
ORDER	426	1	64	3571626	3612597
ORDER	432	1	97	3612597	3653568
ORDER	434	1	5	3612597	3653568
ORDER	447	1	79	3653568	3694539
ORDER	471	1	29	3653568	3694539
ORDER	477	1	37	3653568	3694539
ORDER	486	1	33	3653568	3694539
ORDER	486	1	34	3888000	3928971
ORDER	487	1	36	3888000	3928971
ORDER	514	1	8	3888000	3928971
ORDER	516	1	16	3888000	3928971
ORDER	533	1	3	3888000	3928971
ORDER	536	1	48	3888000	3928971
ORDER	572	1	60	3928971	3969942
ORDER	597	1	49	3928971	3969942
ORDER	604	1	60	3928971	3969942
ORDER	608	1	10	3928971	3969942
ORDER	608	1	12	3969942	4010913
ORDER	617	1	53	3969942	4010913
ORDER	619	1	100	3969942	4010913
ORDER	624	1	14	3969942	4010913
ORDER	624	1	3	4010913	4051884
ORDER	625	1	24	4010913	4051884
ORDER	635	1	57	4010913	4051884
ORDER	647	1	74	4010913	4051884
ORDER	670	1	80	4051884	4092855
ORDER	672	1	66	4051884	4092855
ORDER	700	1	5	4051884	4092855
ORDER	741	1	27	4051884	4092855
ORDER	741	1	20	4092855	4133826
ORDER	748	1	3	4092855	4133826
ORDER	755	1	17	4092855	4133826
ORDER	760	1	88	4092855	4133826
ORDER	763	1	40	4092855	4133826
ORDER	770	1	8	4092855	4133826
ORDER	770	1	8	4133826	4174797
ORDER	778	1	7	4133826	4174797
ORDER	784	1	91	4133826	4174797
ORDER	785	1	73	4133826	4174797
ORDER	785	1	1	4174797	4215768
ORDER	811	1	78	4174797	4215768
ORDER	817	1	54	4174797	4215768
ORDER	819	1	33	4174797	4215768
ORDER	819	1	54	4215768	4256739
ORDER	821	1	50	4215768	4256739
ORDER	828	1	22	4215768	4256739
ORDER	832	1	14	4215768	4256739
ORDER	835	1	74	4256739	4297710
ORDER	836	1	36	4256739	4297710
ORDER	880	1	58	4256739	4297710
ORDER	880	1	19	4297710	4338681
ORDER	899	1	58	4297710	4338681
ORDER	910	1	20	4297710	4338681
ORDER	914	1	24	4297710	4338681
ORDER	928	1	2	4297710	4338681
ORDER	942	1	39	4297710	4338681
ORDER	942	1	54	4338681	4379652
ORDER	985	1	16	4338681	4379652
ORDER	14	3	46	894607	968453
ORDER	50	3	78	894607	968453
ORDER	71	3	72	894607	968453
ORDER	75	3	89	3110400	3184246
ORDER	85	3	30	3110400	3184246
ORDER	95	3	60	3110400	3184246
ORDER	106	3	17	3110400	3184246
ORDER	109	3	38	3110400	3184246
ORDER	109	3	23	3184246	3258092
ORDER	131	3	77	3184246	3258092
ORDER	137	3	24	3184246	3258092
ORDER	148	3	84	3184246	3258092
ORDER	150	3	23	3184246	3258092
ORDER	169	3	98	3258092	3331938
ORDER	182	3	73	3356524	3430370
ORDER	194	3	91	3356524	3430370
ORDER	200	3	85	3356524	3430370
ORDER	200	3	14	3430370	3504216
ORDER	203	3	39	3430370	3504216
ORDER	210	3	57	3430370	3504216
ORDER	227	3	74	3715200	3789046
ORDER	231	3	88	3715200	3789046
ORDER	238	3	87	3715200	3789046
ORDER	238	3	4	3789046	3862892
ORDER	241	3	13	3789046	3862892
ORDER	247	3	69	3789046	3862892
ORDER	248	3	5	3789046	3862892
ORDER	262	3	47	3789046	3862892
ORDER	274	3	87	3789046	3862892
ORDER	292	3	17	3789046	3862892
ORDER	296	3	1	3789046	3862892
ORDER	302	3	5	3789046	3862892
ORDER	305	3	30	3862892	3936738
ORDER	309	3	16	3862892	3936738
ORDER	317	3	82	3862892	3936738
ORDER	324	3	33	3862892	3936738
ORDER	331	3	59	3862892	3936738
ORDER	337	3	29	3862892	3936738
ORDER	337	3	8	3936738	4010584
ORDER	345	3	80	3936738	4010584
ORDER	368	3	47	3936738	4010584
ORDER	381	3	9	3936738	4010584
ORDER	407	3	17	3936738	4010584
ORDER	411	3	40	3936738	4010584
ORDER	413	3	38	3936738	4010584
ORDER	414	3	11	3936738	4010584
ORDER	414	3	44	4320000	4393846
ORDER	422	3	97	4320000	4393846
ORDER	431	3	18	4320000	4393846
ORDER	433	3	75	4320000	4393846
ORDER	437	3	9	4320000	4393846
ORDER	465	3	97	4393846	4467692
ORDER	466	3	58	4393846	4467692
ORDER	492	3	42	4393846	4467692
ORDER	503	3	52	4393846	4467692
ORDER	503	3	45	4467692	4541538
ORDER	506	3	64	4467692	4541538
ORDER	508	3	58	4467692	4541538
ORDER	511	3	31	4467692	4541538
ORDER	515	3	34	4467692	4541538
ORDER	522	3	16	4467692	4541538
ORDER	522	3	36	4541538	4615384
ORDER	526	3	8	4541538	4615384
ORDER	530	3	45	4541538	4615384
ORDER	531	3	24	4541538	4615384
ORDER	543	3	46	4541538	4615384
ORDER	578	3	24	4541538	4615384
ORDER	601	3	65	4541538	4615384
ORDER	605	3	69	4615384	4689230
ORDER	613	3	72	4615384	4689230
ORDER	643	3	29	4615384	4689230
ORDER	645	3	76	4615384	4689230
ORDER	653	3	97	4924800	4998646
ORDER	660	3	84	4924800	4998646
ORDER	663	3	67	4924800	4998646
ORDER	663	3	19	4998646	5072492
ORDER	676	3	20	4998646	5072492
ORDER	677	3	35	4998646	5072492
ORDER	685	3	14	4998646	5072492
ORDER	690	3	59	4998646	5072492
ORDER	691	3	85	4998646	5072492
ORDER	706	3	58	5072492	5146338
ORDER	740	3	46	5072492	5146338
ORDER	747	3	24	5072492	5146338
ORDER	765	3	11	5072492	5146338
ORDER	777	3	92	5072492	5146338
ORDER	781	3	14	5072492	5146338
ORDER	781	3	8	5146338	5220184
ORDER	783	3	86	5146338	5220184
ORDER	799	3	69	5146338	5220184
ORDER	822	3	16	5146338	5220184
ORDER	844	3	27	5146338	5220184
ORDER	850	3	17	5146338	5220184
ORDER	870	3	22	5146338	5220184
ORDER	870	3	16	5220184	5294030
ORDER	890	3	96	5220184	5294030
ORDER	897	3	51	5220184	5294030
ORDER	901	3	80	5220184	5294030
ORDER	908	3	100	5529600	5603446
ORDER	916	3	67	5529600	5603446
ORDER	917	3	73	5529600	5603446
ORDER	946	3	70	5603446	5677292
ORDER	954	3	93	5603446	5677292
ORDER	955	3	38	5603446	5677292
ORDER	986	3	41	5603446	5677292
ORDER	986	3	39	5677292	5751138
ORDER	4	1	71	4537853	4580399
ORDER	18	1	88	4537853	4580399
ORDER	38	1	100	4580399	4622945
ORDER	56	1	42	4580399	4622945
ORDER	58	1	36	4580399	4622945
ORDER	58	1	18	4622945	4665491
ORDER	60	1	35	4622945	4665491
ORDER	62	1	17	4622945	4665491
ORDER	67	1	84	4622945	4665491
ORDER	77	1	18	4622945	4665491
ORDER	77	1	51	4665491	4708037
ORDER	79	1	38	4665491	4708037
ORDER	81	1	70	4665491	4708037
ORDER	86	1	20	4665491	4708037
ORDER	86	1	6	4708037	4750583
ORDER	90	1	62	4708037	4750583
ORDER	92	1	92	4708037	4750583
ORDER	97	1	3	4708037	4750583
ORDER	120	1	98	4750583	4793129
ORDER	124	1	38	4750583	4793129
ORDER	133	1	36	4750583	4793129
ORDER	133	1	40	4793129	4835675
ORDER	134	1	70	4793129	4835675
ORDER	139	1	30	4793129	4835675
ORDER	141	1	39	4793129	4835675
ORDER	141	1	15	4835675	4878221
ORDER	145	1	4	4835675	4878221
ORDER	153	1	37	4835675	4878221
ORDER	155	1	16	4835675	4878221
ORDER	157	1	100	4835675	4878221
ORDER	180	1	76	4878221	4920767
ORDER	184	1	19	4878221	4920767
ORDER	224	1	57	4878221	4920767
ORDER	235	1	22	4878221	4920767
ORDER	235	1	66	4920767	4963313
ORDER	243	1	7	4920767	4963313
ORDER	261	1	63	4920767	4963313
ORDER	265	1	38	4920767	4963313
ORDER	277	1	59	4963313	5005859
ORDER	280	1	26	4963313	5005859
ORDER	284	1	86	4963313	5005859
ORDER	287	1	65	5097600	5140146
ORDER	293	1	78	5097600	5140146
ORDER	316	1	27	5097600	5140146
ORDER	316	1	46	5140146	5182692
ORDER	333	1	34	5140146	5182692
ORDER	340	1	28	5140146	5182692
ORDER	343	1	46	5140146	5182692
ORDER	343	1	54	5182692	5225238
ORDER	346	1	68	5182692	5225238
ORDER	355	1	38	5182692	5225238
ORDER	358	1	73	5225238	5267784
ORDER	369	1	91	5225238	5267784
ORDER	374	1	49	5267784	5310330
ORDER	375	1	48	5267784	5310330
ORDER	377	1	31	5267784	5310330
ORDER	382	1	2	5267784	5310330
ORDER	394	1	43	5267784	5310330
ORDER	406	1	16	5310330	5352876
ORDER	409	1	80	5310330	5352876
ORDER	412	1	59	5310330	5352876
ORDER	423	1	19	5310330	5352876
ORDER	423	1	14	5352876	5395422
ORDER	425	1	94	5352876	5395422
ORDER	439	1	21	5352876	5395422
ORDER	448	1	3	5352876	5395422
ORDER	455	1	37	5352876	5395422
ORDER	455	1	24	5395422	5437968
ORDER	474	1	66	5395422	5437968
ORDER	481	1	44	5395422	5437968
ORDER	491	1	45	5395422	5437968
ORDER	521	1	82	5437968	5480514
ORDER	528	1	90	5437968	5480514
ORDER	542	1	44	5480514	5523060
ORDER	544	1	49	5480514	5523060
ORDER	561	1	10	5480514	5523060
ORDER	562	1	13	5480514	5523060
ORDER	566	1	8	5480514	5523060
ORDER	569	1	53	5480514	5523060
ORDER	569	1	14	5523060	5565606
ORDER	580	1	81	5523060	5565606
ORDER	583	1	48	5523060	5565606
ORDER	590	1	24	5523060	5565606
ORDER	591	1	88	5565606	5608152
ORDER	631	1	38	5565606	5608152
ORDER	638	1	11	5565606	5608152
ORDER	696	1	38	5565606	5608152
ORDER	698	1	75	5702400	5744946
ORDER	711	1	27	5702400	5744946
ORDER	713	1	28	5702400	5744946
ORDER	734	1	10	5702400	5744946
ORDER	759	1	37	5702400	5744946
ORDER	759	1	30	5744946	5787492
ORDER	787	1	92	5744946	5787492
ORDER	792	1	2	5744946	5787492
ORDER	808	1	13	5744946	5787492
ORDER	823	1	17	5744946	5787492
ORDER	824	1	24	5744946	5787492
ORDER	824	1	22	5875200	5917746
ORDER	827	1	33	5875200	5917746
ORDER	838	1	83	5875200	5917746
ORDER	839	1	41	5875200	5917746
ORDER	839	1	2	5917746	5960292
ORDER	853	1	4	5917746	5960292
ORDER	862	1	5	5917746	5960292
ORDER	879	1	61	5917746	5960292
ORDER	895	1	100	5917746	5960292
ORDER	904	1	19	5960292	6002838
ORDER	920	1	5	5960292	6002838
ORDER	943	1	83	5960292	6002838
ORDER	965	1	28	5960292	6002838
ORDER	966	1	66	6002838	6045384
ORDER	967	1	4	6002838	6045384
ORDER	987	1	38	6002838	6045384
ORDER	992	1	67	6002838	6045384
ORDER	992	1	19	6045384	6087930
ORDER	997	1	36	6045384	6087930
ORDER	5	0	96	3609958	3627569
ORDER	6	0	41	3609958	3627569
ORDER	6	0	39	3715200	3732811
ORDER	33	0	67	3715200	3732811
ORDER	49	0	17	3715200	3732811
ORDER	68	0	3	3715200	3732811
ORDER	69	0	91	3732811	3750422
ORDER	93	0	59	3732811	3750422
ORDER	93	0	34	3750422	3768033
ORDER	100	0	60	3750422	3768033
ORDER	101	0	47	3750422	3768033
ORDER	101	0	45	3768033	3785644
ORDER	103	0	27	3768033	3785644
ORDER	129	0	84	3768033	3785644
ORDER	142	0	73	3785644	3803255
ORDER	147	0	35	3785644	3803255
ORDER	154	0	46	3785644	3803255
ORDER	154	0	24	3803255	3820866
ORDER	167	0	74	3803255	3820866
ORDER	183	0	42	3803255	3820866
ORDER	183	0	58	3820866	3838477
ORDER	201	0	99	3820866	3838477
ORDER	208	0	70	3838477	3856088
ORDER	249	0	27	3838477	3856088
ORDER	251	0	55	3838477	3856088
ORDER	256	0	10	3838477	3856088
ORDER	256	0	21	3856088	3873699
ORDER	258	0	80	3856088	3873699
ORDER	263	0	8	3856088	3873699
ORDER	276	0	9	3856088	3873699
ORDER	279	0	34	3856088	3873699
ORDER	279	0	17	3873699	3891310
ORDER	289	0	78	3873699	3891310
ORDER	300	0	30	3873699	3891310
ORDER	304	0	82	3891310	3908921
ORDER	308	0	21	3891310	3908921
ORDER	328	0	35	3891310	3908921
ORDER	328	0	31	3908921	3926532
ORDER	348	0	34	3908921	3926532
ORDER	378	0	50	3908921	3926532
ORDER	393	0	49	3908921	3926532
ORDER	396	0	64	3926532	3944143
ORDER	404	0	37	3926532	3944143
ORDER	417	0	62	3926532	3944143
ORDER	417	0	36	3944143	3961754
ORDER	427	0	73	3944143	3961754
ORDER	438	0	52	3944143	3961754
ORDER	443	0	67	3961754	3979365
ORDER	456	0	28	3961754	3979365
ORDER	457	0	14	3961754	3979365
ORDER	483	0	28	3961754	3979365
ORDER	484	0	92	3979365	3996976
ORDER	495	0	6	3979365	3996976
ORDER	498	0	11	3979365	3996976
ORDER	499	0	53	3979365	3996976
ORDER	499	0	12	3996976	4014587
ORDER	501	0	95	3996976	4014587
ORDER	523	0	56	3996976	4014587
ORDER	523	0	37	4014587	4032198
ORDER	547	0	40	4014587	4032198
ORDER	553	0	45	4014587	4032198
ORDER	556	0	44	4014587	4032198
ORDER	556	0	55	4032198	4049809
ORDER	559	0	14	4032198	4049809
ORDER	560	0	73	4032198	4049809
ORDER	565	0	19	4032198	4049809
ORDER	565	0	21	4049809	4067420
ORDER	570	0	8	4049809	4067420
ORDER	577	0	4	4049809	4067420
ORDER	587	0	38	4049809	4067420
ORDER	592	0	28	4049809	4067420
ORDER	595	0	51	4049809	4067420
ORDER	595	0	39	4067420	4085031
ORDER	596	0	49	4067420	4085031
ORDER	606	0	75	4067420	4085031
ORDER	607	0	71	4085031	4102642
ORDER	610	0	82	4085031	4102642
ORDER	622	0	78	4102642	4120253
ORDER	633	0	70	4102642	4120253
ORDER	633	0	30	4120253	4137864
ORDER	652	0	78	4120253	4137864
ORDER	654	0	44	4120253	4137864
ORDER	659	0	60	4137864	4155475
ORDER	665	0	13	4137864	4155475
ORDER	667	0	69	4137864	4155475
ORDER	668	0	23	4137864	4155475
ORDER	668	0	8	4155475	4173086
ORDER	681	0	66	4155475	4173086
ORDER	692	0	11	4155475	4173086
ORDER	699	0	14	4155475	4173086
ORDER	702	0	55	4155475	4173086
ORDER	702	0	41	4173086	4190697
ORDER	704	0	51	4173086	4190697
ORDER	716	0	41	4173086	4190697
ORDER	727	0	8	4173086	4190697
ORDER	738	0	6	4173086	4190697
ORDER	756	0	16	4173086	4190697
ORDER	756	0	24	4190697	4208308
ORDER	766	0	30	4190697	4208308
ORDER	767	0	33	4190697	4208308
ORDER	772	0	19	4190697	4208308
ORDER	788	0	52	4190697	4208308
ORDER	812	0	37	4208308	4225919
ORDER	842	0	2	4208308	4225919
ORDER	851	0	4	4208308	4225919
ORDER	852	0	60	4208308	4225919
ORDER	854	0	43	4208308	4225919
ORDER	854	0	37	4320000	4337611
ORDER	864	0	66	4320000	4337611
ORDER	869	0	59	4320000	4337611
ORDER	869	0	19	4337611	4355222
ORDER	871	0	10	4337611	4355222
ORDER	886	0	20	4337611	4355222
ORDER	918	0	26	4337611	4355222
ORDER	929	0	19	4337611	4355222
ORDER	933	0	52	4337611	4355222
ORDER	933	0	48	4355222	4372833
ORDER	939	0	52	4355222	4372833
ORDER	940	0	50	4355222	4372833
ORDER	970	0	91	4372833	4390444
ORDER	973	0	56	4372833	4390444
ORDER	973	0	33	4390444	4408055
ORDER	974	0	12	4390444	4408055
ORDER	984	0	12	4390444	4408055
ORDER	22	0	46	4414277	4421116
ORDER	25	0	4	4414277	4421116
ORDER	26	0	8	4414277	4421116
ORDER	32	0	13	4414277	4421116
ORDER	43	0	54	4414277	4421116
ORDER	43	0	43	4421116	4427955
ORDER	51	0	99	4421116	4427955
ORDER	59	0	14	4421116	4427955
ORDER	74	0	8	4421116	4427955
ORDER	74	0	60	4427955	4434794
ORDER	78	0	10	4427955	4434794
ORDER	82	0	73	4427955	4434794
ORDER	107	0	16	4427955	4434794
ORDER	111	0	5	4427955	4434794
ORDER	111	0	32	4434794	4441633
ORDER	116	0	91	4434794	4441633
ORDER	121	0	5	4434794	4441633
ORDER	135	0	28	4434794	4441633
ORDER	135	0	56	4441633	4448472
ORDER	140	0	19	4441633	4448472
ORDER	146	0	39	4441633	4448472
ORDER	151	0	49	4441633	4448472
ORDER	151	0	12	4448472	4455311
ORDER	163	0	23	4448472	4455311
ORDER	164	0	41	4448472	4455311
ORDER	172	0	52	4448472	4455311
ORDER	178	0	89	4455311	4462150
ORDER	185	0	69	4455311	4462150
ORDER	190	0	55	4462150	4468989
ORDER	211	0	90	4462150	4468989
ORDER	216	0	14	4462150	4468989
ORDER	216	0	81	4468989	4475828
ORDER	217	0	25	4468989	4475828
ORDER	266	0	17	4468989	4475828
ORDER	268	0	24	4468989	4475828
ORDER	273	0	18	4468989	4475828
ORDER	273	0	14	4475828	4482667
ORDER	278	0	88	4475828	4482667
ORDER	299	0	19	4475828	4482667
ORDER	307	0	3	4475828	4482667
ORDER	313	0	38	4475828	4482667
ORDER	313	0	24	4482667	4489506
ORDER	323	0	10	4482667	4489506
ORDER	325	0	98	4482667	4489506
ORDER	344	0	12	4482667	4489506
ORDER	380	0	14	4482667	4489506
ORDER	380	0	54	4489506	4496345
ORDER	383	0	17	4489506	4496345
ORDER	385	0	22	4489506	4496345
ORDER	386	0	1	4489506	4496345
ORDER	388	0	61	4489506	4496345
ORDER	401	0	65	4496345	4503184
ORDER	403	0	85	4496345	4503184
ORDER	415	0	16	4496345	4503184
ORDER	415	0	35	4503184	4510023
ORDER	419	0	68	4503184	4510023
ORDER	428	0	63	4503184	4510023
ORDER	428	0	10	4510023	4516862
ORDER	435	0	90	4510023	4516862
ORDER	453	0	42	4510023	4516862
ORDER	454	0	74	4516862	4523701
ORDER	459	0	38	4516862	4523701
ORDER	467	0	38	4516862	4523701
ORDER	478	0	79	4523701	4530540
ORDER	488	0	83	4523701	4530540
ORDER	489	0	5	4530540	4537379
ORDER	490	0	34	4530540	4537379
ORDER	512	0	32	4530540	4537379
ORDER	513	0	60	4530540	4537379
ORDER	517	0	35	4530540	4537379
ORDER	517	0	29	4537379	4544218
ORDER	519	0	21	4537379	4544218
ORDER	538	0	63	4537379	4544218
ORDER	540	0	31	4537379	4544218
ORDER	545	0	4	4537379	4544218
ORDER	554	0	58	4544218	4551057
ORDER	555	0	71	4544218	4551057
ORDER	563	0	31	4544218	4551057
ORDER	564	0	6	4544218	4551057
ORDER	564	0	16	4551057	4557896
ORDER	582	0	12	4551057	4557896
ORDER	588	0	54	4551057	4557896
ORDER	609	0	26	4551057	4557896
ORDER	627	0	47	4551057	4557896
ORDER	627	0	52	4557896	4564735
ORDER	640	0	47	4557896	4564735
ORDER	646	0	61	4557896	4564735
ORDER	646	0	28	4564735	4571574
ORDER	683	0	99	4564735	4571574
ORDER	701	0	27	4564735	4571574
ORDER	701	0	66	4571574	4578413
ORDER	712	0	80	4571574	4578413
ORDER	715	0	19	4571574	4578413
ORDER	715	0	39	4578413	4585252
ORDER	723	0	43	4578413	4585252
ORDER	732	0	2	4578413	4585252
ORDER	743	0	18	4578413	4585252
ORDER	745	0	17	4578413	4585252
ORDER	749	0	91	4585252	4592091
ORDER	757	0	38	4585252	4592091
ORDER	769	0	23	4585252	4592091
ORDER	769	0	22	4592091	4598930
ORDER	779	0	55	4592091	4598930
ORDER	790	0	22	4592091	4598930
ORDER	793	0	61	4592091	4598930
ORDER	793	0	24	4598930	4605769
ORDER	796	0	94	4598930	4605769
ORDER	801	0	48	4598930	4605769
ORDER	801	0	18	4605769	4612608
ORDER	806	0	25	4605769	4612608
ORDER	807	0	24	4605769	4612608
ORDER	820	0	35	4605769	4612608
ORDER	831	0	39	4605769	4612608
ORDER	837	0	20	4605769	4612608
ORDER	837	0	42	4612608	4619447
ORDER	855	0	27	4612608	4619447
ORDER	858	0	11	4612608	4619447
ORDER	863	0	77	4612608	4619447
ORDER	885	0	69	4619447	4626286
ORDER	889	0	79	4619447	4626286
ORDER	900	0	13	4619447	4626286
ORDER	906	0	41	4626286	4633125
ORDER	909	0	87	4626286	4633125
ORDER	925	0	29	4626286	4633125
ORDER	925	0	65	4633125	4639964
ORDER	931	0	96	4633125	4639964
ORDER	936	0	66	4639964	4646803
ORDER	944	0	23	4639964	4646803
ORDER	951	0	64	4639964	4646803
ORDER	971	0	68	4646803	4653642
ORDER	975	0	53	4646803	4653642
ORDER	977	0	34	4646803	4653642
ORDER	980	0	85	4653642	4660481
ORDER	989	0	36	4653642	4660481
ORDER	990	0	44	4653642	4660481
ORDER	990	0	30	4660481	4667320
ORDER	0	0	3	4684458	4722344
ORDER	27	0	52	4684458	4722344
ORDER	37	0	46	4684458	4722344
ORDER	40	0	51	4684458	4722344
ORDER	41	0	13	4684458	4722344
ORDER	41	0	32	4722344	4760230
ORDER	44	0	62	4722344	4760230
ORDER	63	0	4	4722344	4760230
ORDER	66	0	65	4722344	4760230
ORDER	66	0	8	4760230	4798116
ORDER	94	0	100	4760230	4798116
ORDER	104	0	41	4760230	4798116
ORDER	113	0	11	4760230	4798116
ORDER	113	0	80	4798116	4836002
ORDER	126	0	86	4798116	4836002
ORDER	127	0	44	4924800	4962686
ORDER	128	0	55	4924800	4962686
ORDER	143	0	61	4924800	4962686
ORDER	143	0	24	4962686	5000572
ORDER	149	0	33	4962686	5000572
ORDER	170	0	5	4962686	5000572
ORDER	188	0	26	4962686	5000572
ORDER	189	0	64	4962686	5000572
ORDER	189	0	23	5000572	5038458
ORDER	192	0	5	5000572	5038458
ORDER	197	0	95	5000572	5038458
ORDER	204	0	35	5000572	5038458
ORDER	204	0	33	5038458	5076344
ORDER	223	0	72	5038458	5076344
ORDER	236	0	35	5038458	5076344
ORDER	237	0	25	5038458	5076344
ORDER	239	0	76	5076344	5114230
ORDER	244	0	76	5076344	5114230
ORDER	269	0	14	5076344	5114230
ORDER	269	0	15	5114230	5152116
ORDER	271	0	61	5114230	5152116
ORDER	275	0	11	5114230	5152116
ORDER	298	0	9	5114230	5152116
ORDER	301	0	45	5114230	5152116
ORDER	303	0	99	5152116	5190002
ORDER	310	0	22	5152116	5190002
ORDER	336	0	32	5152116	5190002
ORDER	339	0	8	5152116	5190002
ORDER	339	0	18	5190002	5227888
ORDER	341	0	23	5190002	5227888
ORDER	350	0	17	5190002	5227888
ORDER	351	0	45	5190002	5227888
ORDER	352	0	62	5190002	5227888
ORDER	352	0	12	5227888	5265774
ORDER	354	0	36	5227888	5265774
ORDER	366	0	59	5227888	5265774
ORDER	370	0	48	5227888	5265774
ORDER	370	0	23	5265774	5303660
ORDER	371	0	43	5265774	5303660
ORDER	379	0	74	5265774	5303660
ORDER	400	0	6	5265774	5303660
ORDER	408	0	4	5265774	5303660
ORDER	410	0	26	5303660	5341546
ORDER	424	0	51	5303660	5341546
ORDER	440	0	68	5303660	5341546
ORDER	444	0	15	5303660	5341546
ORDER	444	0	49	5341546	5379432
ORDER	445	0	36	5341546	5379432
ORDER	450	0	37	5341546	5379432
ORDER	451	0	7	5341546	5379432
ORDER	462	0	95	5379432	5417318
ORDER	472	0	22	5379432	5417318
ORDER	476	0	42	5379432	5417318
ORDER	476	0	24	5529600	5567486
ORDER	485	0	66	5529600	5567486
ORDER	500	0	5	5529600	5567486
ORDER	502	0	15	5529600	5567486
ORDER	507	0	47	5529600	5567486
ORDER	535	0	8	5529600	5567486
ORDER	535	0	32	5567486	5605372
ORDER	537	0	47	5567486	5605372
ORDER	568	0	80	5567486	5605372
ORDER	574	0	47	5605372	5643258
ORDER	581	0	39	5605372	5643258
ORDER	589	0	64	5605372	5643258
ORDER	598	0	43	5643258	5681144
ORDER	600	0	41	5643258	5681144
ORDER	602	0	19	5643258	5681144
ORDER	628	0	40	5643258	5681144
ORDER	628	0	37	5681144	5719030
ORDER	637	0	62	5681144	5719030
ORDER	641	0	9	5681144	5719030
ORDER	648	0	58	5681144	5719030
ORDER	650	0	16	5719030	5756916
ORDER	661	0	9	5719030	5756916
ORDER	675	0	21	5719030	5756916
ORDER	684	0	27	5719030	5756916
ORDER	686	0	21	5719030	5756916
ORDER	693	0	58	5719030	5756916
ORDER	721	0	99	5756916	5794802
ORDER	725	0	25	5756916	5794802
ORDER	746	0	27	5756916	5794802
ORDER	754	0	64	5794802	5832688
ORDER	761	0	77	5794802	5832688
ORDER	774	0	53	5832688	5870574
ORDER	813	0	13	5832688	5870574
ORDER	814	0	61	5832688	5870574
ORDER	815	0	1	5832688	5870574
ORDER	825	0	23	5832688	5870574
ORDER	834	0	33	5870574	5908460
ORDER	849	0	2	5870574	5908460
ORDER	860	0	27	5870574	5908460
ORDER	868	0	61	5870574	5908460
ORDER	873	0	33	5870574	5908460
ORDER	873	0	50	5908460	5946346
ORDER	875	0	72	5908460	5946346
ORDER	878	0	85	5946346	5984232
ORDER	883	0	27	5946346	5984232
ORDER	891	0	3	5946346	5984232
ORDER	898	0	12	5946346	5984232
ORDER	903	0	32	5946346	5984232
ORDER	903	0	27	5984232	6022118
ORDER	911	0	7	5984232	6022118
ORDER	912	0	48	5984232	6022118
ORDER	919	0	62	5984232	6022118
ORDER	921	0	18	5984232	6022118
ORDER	921	0	13	6134400	6172286
ORDER	924	0	16	6134400	6172286
ORDER	930	0	69	6134400	6172286
ORDER	938	0	21	6134400	6172286
ORDER	949	0	4	6134400	6172286
ORDER	958	0	32	6134400	6172286
ORDER	961	0	82	6172286	6210172
ORDER	964	0	29	6172286	6210172
ORDER	979	0	35	6172286	6210172
ORDER	979	0	60	6210172	6248058
ORDER	988	0	93	6210172	6248058
ORDER	993	0	11	6210172	6248058
ORDER	993	0	16	6248058	6285944
ORDER	7	0	55	6311680	6330434
ORDER	10	0	33	6311680	6330434
ORDER	23	0	53	6311680	6330434
ORDER	31	0	21	6311680	6330434
ORDER	31	0	12	6330434	6349188
ORDER	42	0	62	6330434	6349188
ORDER	64	0	73	6330434	6349188
ORDER	80	0	19	6330434	6349188
ORDER	80	0	60	6349188	6367942
ORDER	87	0	63	6349188	6367942
ORDER	88	0	38	6349188	6367942
ORDER	88	0	9	6367942	6386696
ORDER	99	0	72	6367942	6386696
ORDER	112	0	70	6367942	6386696
ORDER	112	0	26	6386696	6405450
ORDER	125	0	100	6386696	6405450
ORDER	152	0	32	6386696	6405450
ORDER	152	0	56	6405450	6424204
ORDER	168	0	50	6405450	6424204
ORDER	181	0	24	6405450	6424204
ORDER	193	0	29	6405450	6424204
ORDER	193	0	29	6424204	6442958
ORDER	205	0	50	6424204	6442958
ORDER	207	0	72	6424204	6442958
ORDER	207	0	21	6442958	6461712
ORDER	222	0	35	6442958	6461712
ORDER	230	0	40	6442958	6461712
ORDER	240	0	29	6442958	6461712
ORDER	252	0	11	6442958	6461712
ORDER	264	0	23	6442958	6461712
ORDER	267	0	6	6442958	6461712
ORDER	267	0	2	6461712	6480466
ORDER	272	0	23	6461712	6480466
ORDER	290	0	55	6461712	6480466
ORDER	306	0	5	6461712	6480466
ORDER	311	0	14	6461712	6480466
ORDER	312	0	62	6461712	6480466
ORDER	312	0	28	6480466	6499220
ORDER	315	0	84	6480466	6499220
ORDER	321	0	22	6480466	6499220
ORDER	322	0	30	6480466	6499220
ORDER	322	0	12	6499220	6517974
ORDER	364	0	74	6499220	6517974
ORDER	373	0	51	6499220	6517974
ORDER	373	0	32	6517974	6536728
ORDER	384	0	53	6517974	6536728
ORDER	390	0	30	6517974	6536728
ORDER	416	0	43	6517974	6536728
ORDER	418	0	37	6536728	6555482
ORDER	420	0	93	6536728	6555482
ORDER	430	0	35	6536728	6555482
ORDER	449	0	42	6555482	6574236
ORDER	460	0	38	6555482	6574236
ORDER	463	0	85	6555482	6574236
ORDER	470	0	1	6555482	6574236
ORDER	470	0	26	6574236	6592990
ORDER	497	0	10	6574236	6592990
ORDER	520	0	88	6574236	6592990
ORDER	549	0	36	6574236	6592990
ORDER	575	0	6	6574236	6592990
ORDER	575	0	75	6592990	6611744
ORDER	586	0	20	6592990	6611744
ORDER	593	0	51	6592990	6611744
ORDER	593	0	49	6611744	6630498
ORDER	594	0	95	6611744	6630498
ORDER	634	0	20	6611744	6630498
ORDER	634	0	15	6630498	6649252
ORDER	657	0	60	6630498	6649252
ORDER	662	0	79	6630498	6649252
ORDER	669	0	32	6739200	6757954
ORDER	680	0	66	6739200	6757954
ORDER	682	0	46	6739200	6757954
ORDER	687	0	18	6739200	6757954
ORDER	687	0	56	6757954	6776708
ORDER	689	0	1	6757954	6776708
ORDER	703	0	31	6757954	6776708
ORDER	708	0	58	6757954	6776708
ORDER	719	0	20	6757954	6776708
ORDER	719	0	42	6776708	6795462
ORDER	729	0	29	6776708	6795462
ORDER	730	0	11	6776708	6795462
ORDER	735	0	73	6776708	6795462
ORDER	735	0	18	6795462	6814216
ORDER	737	0	45	6795462	6814216
ORDER	768	0	81	6795462	6814216
ORDER	775	0	79	6814216	6832970
ORDER	782	0	17	6814216	6832970
ORDER	848	0	67	6814216	6832970
ORDER	848	0	30	6832970	6851724
ORDER	865	0	3	6832970	6851724
ORDER	866	0	50	6832970	6851724
ORDER	872	0	10	6832970	6851724
ORDER	907	0	20	6832970	6851724
ORDER	913	0	52	6832970	6851724
ORDER	915	0	20	6851724	6870478
ORDER	922	0	89	6851724	6870478
ORDER	923	0	19	6851724	6870478
ORDER	927	0	10	6851724	6870478
ORDER	937	0	18	6851724	6870478
ORDER	950	0	92	6870478	6889232
ORDER	953	0	13	6870478	6889232
ORDER	959	0	60	6870478	6889232
ORDER	960	0	39	6889232	6907986
ORDER	962	0	19	6889232	6907986
ORDER	963	0	23	6889232	6907986
ORDER	998	0	61	6889232	6907986
ORDER	3	0	46	6913220	6939108
ORDER	9	0	86	6913220	6939108
ORDER	16	0	76	6939108	6964996
ORDER	24	0	36	6939108	6964996
ORDER	35	0	23	6939108	6964996
ORDER	46	0	29	6939108	6964996
ORDER	46	0	20	6964996	6990884
ORDER	53	0	74	6964996	6990884
ORDER	54	0	59	6964996	6990884
ORDER	73	0	36	6990884	7016772
ORDER	83	0	56	6990884	7016772
ORDER	102	0	29	6990884	7016772
ORDER	136	0	32	6990884	7016772
ORDER	156	0	32	7016772	7042660
ORDER	174	0	33	7016772	7042660
ORDER	177	0	83	7016772	7042660
ORDER	206	0	18	7016772	7042660
ORDER	206	0	64	7042660	7068548
ORDER	214	0	15	7042660	7068548
ORDER	218	0	87	7042660	7068548
ORDER	218	0	1	7068548	7094436
ORDER	219	0	85	7068548	7094436
ORDER	229	0	51	7068548	7094436
ORDER	232	0	96	7094436	7120324
ORDER	245	0	48	7094436	7120324
ORDER	245	0	47	7120324	7146212
ORDER	281	0	7	7120324	7146212
ORDER	320	0	62	7120324	7146212
ORDER	332	0	18	7120324	7146212
ORDER	357	0	27	7120324	7146212
ORDER	361	0	64	7146212	7172100
ORDER	365	0	41	7146212	7172100
ORDER	367	0	27	7146212	7172100
ORDER	372	0	27	7146212	7172100
ORDER	372	0	54	7172100	7197988
ORDER	387	0	23	7172100	7197988
ORDER	389	0	54	7172100	7197988
ORDER	399	0	19	7172100	7197988
ORDER	402	0	100	7197988	7223876
ORDER	473	0	16	7197988	7223876
ORDER	482	0	47	7197988	7223876
ORDER	494	0	38	7223876	7249764
ORDER	505	0	80	7223876	7249764
ORDER	509	0	99	7603200	7629088
ORDER	510	0	39	7603200	7629088
ORDER	524	0	26	7603200	7629088
ORDER	524	0	16	7629088	7654976
ORDER	525	0	76	7629088	7654976
ORDER	529	0	56	7629088	7654976
ORDER	532	0	14	7629088	7654976
ORDER	541	0	93	7654976	7680864
ORDER	546	0	59	7654976	7680864
ORDER	550	0	28	7680864	7706752
ORDER	571	0	37	7680864	7706752
ORDER	573	0	75	7680864	7706752
ORDER	576	0	92	7706752	7732640
ORDER	585	0	8	7706752	7732640
ORDER	599	0	50	7706752	7732640
ORDER	616	0	14	7706752	7732640
ORDER	618	0	67	7732640	7758528
ORDER	620	0	35	7732640	7758528
ORDER	621	0	59	7732640	7758528
ORDER	626	0	5	7732640	7758528
ORDER	626	0	70	7758528	7784416
ORDER	651	0	48	7758528	7784416
ORDER	666	0	8	7758528	7784416
ORDER	671	0	29	7758528	7784416
ORDER	678	0	9	7758528	7784416
ORDER	678	0	18	7784416	7810304
ORDER	697	0	46	7784416	7810304
ORDER	717	0	50	7784416	7810304
ORDER	718	0	44	7784416	7810304
ORDER	718	0	18	7810304	7836192
ORDER	751	0	85	7810304	7836192
ORDER	758	0	46	7810304	7836192
ORDER	764	0	59	7836192	7862080
ORDER	780	0	21	7836192	7862080
ORDER	786	0	77	7836192	7862080
ORDER	789	0	29	7948800	7974688
ORDER	795	0	69	7948800	7974688
ORDER	797	0	44	7948800	7974688
ORDER	802	0	13	7948800	7974688
ORDER	805	0	8	7948800	7974688
ORDER	816	0	98	7974688	8000576
ORDER	856	0	57	7974688	8000576
ORDER	857	0	100	8000576	8026464
ORDER	877	0	8	8000576	8026464
ORDER	882	0	54	8000576	8026464
ORDER	882	0	14	8026464	8052352
ORDER	902	0	54	8026464	8052352
ORDER	926	0	87	8026464	8052352
ORDER	935	0	10	8026464	8052352
ORDER	935	0	27	8052352	8078240
ORDER	947	0	13	8052352	8078240
ORDER	976	0	89	8052352	8078240
ORDER	978	0	31	8052352	8078240
ORDER	981	0	19	8078240	8104128
ORDER	983	0	58	8078240	8104128
ORDER	999	0	18	8078240	8104128
ORDER	1	0	28	8129027	8167184
ORDER	8	0	6	8129027	8167184
ORDER	11	0	71	8129027	8167184
ORDER	12	0	60	8129027	8167184
ORDER	13	0	65	8167184	8205341
ORDER	15	0	73	8167184	8205341
ORDER	28	0	35	8205341	8243498
ORDER	29	0	69	8205341	8243498
ORDER	30	0	54	8205341	8243498
ORDER	30	0	33	8243498	8281655
ORDER	36	0	11	8243498	8281655
ORDER	47	0	57	8243498	8281655
ORDER	48	0	38	8243498	8281655
ORDER	48	0	34	8281655	8319812
ORDER	52	0	89	8281655	8319812
ORDER	72	0	40	8281655	8319812
ORDER	72	0	48	8319812	8357969
ORDER	89	0	71	8319812	8357969
ORDER	98	0	13	8319812	8357969
ORDER	114	0	17	8319812	8357969
ORDER	115	0	15	8319812	8357969
ORDER	115	0	66	8357969	8396126
ORDER	118	0	57	8357969	8396126
ORDER	119	0	7	8357969	8396126
ORDER	138	0	35	8357969	8396126
ORDER	138	0	8	8396126	8434283
ORDER	158	0	95	8396126	8434283
ORDER	160	0	25	8396126	8434283
ORDER	162	0	71	8553600	8591757
ORDER	165	0	2	8553600	8591757
ORDER	171	0	30	8553600	8591757
ORDER	187	0	24	8553600	8591757
ORDER	202	0	11	8553600	8591757
ORDER	209	0	68	8591757	8629914
ORDER	212	0	41	8591757	8629914
ORDER	233	0	31	8591757	8629914
ORDER	234	0	20	8591757	8629914
ORDER	234	0	40	8629914	8668071
ORDER	253	0	22	8629914	8668071
ORDER	254	0	95	8629914	8668071
ORDER	255	0	23	8668071	8706228
ORDER	285	0	99	8668071	8706228
ORDER	288	0	10	8668071	8706228
ORDER	291	0	13	8668071	8706228
ORDER	362	0	88	8706228	8744385
ORDER	392	0	42	8706228	8744385
ORDER	397	0	23	8706228	8744385
ORDER	397	0	20	8744385	8782542
ORDER	429	0	54	8744385	8782542
ORDER	436	0	50	8744385	8782542
ORDER	441	0	8	8744385	8782542
ORDER	442	0	29	8744385	8782542
ORDER	446	0	69	8782542	8820699
ORDER	452	0	16	8782542	8820699
ORDER	464	0	66	8782542	8820699
ORDER	469	0	92	8820699	8858856
ORDER	479	0	46	8820699	8858856
ORDER	479	0	32	8858856	8897013
ORDER	480	0	49	8858856	8897013
ORDER	496	0	53	8858856	8897013
ORDER	504	0	30	8858856	8897013
ORDER	504	0	15	8897013	8935170
ORDER	527	0	19	8897013	8935170
ORDER	534	0	99	8897013	8935170
ORDER	551	0	7	8897013	8935170
ORDER	552	0	26	8897013	8935170
ORDER	552	0	40	8935170	8973327
ORDER	557	0	28	8935170	8973327
ORDER	558	0	55	8935170	8973327
ORDER	579	0	11	8935170	8973327
ORDER	584	0	17	8935170	8973327
ORDER	584	0	32	8973327	9011484
ORDER	603	0	50	8973327	9011484
ORDER	611	0	80	8973327	9011484
ORDER	614	0	4	8973327	9011484
ORDER	614	0	9	9011484	9049641
ORDER	623	0	7	9011484	9049641
ORDER	629	0	34	9011484	9049641
ORDER	636	0	14	9011484	9049641
ORDER	639	0	46	9011484	9049641
ORDER	642	0	41	9011484	9049641
ORDER	644	0	47	9158400	9196557
ORDER	655	0	45	9158400	9196557
ORDER	658	0	20	9158400	9196557
ORDER	673	0	52	9158400	9196557
ORDER	673	0	16	9196557	9234714
ORDER	674	0	20	9196557	9234714
ORDER	688	0	41	9196557	9234714
ORDER	705	0	77	9196557	9234714
ORDER	707	0	39	9234714	9272871
ORDER	709	0	41	9234714	9272871
ORDER	710	0	52	9234714	9272871
ORDER	720	0	24	9234714	9272871
ORDER	720	0	14	9272871	9311028
ORDER	731	0	67	9272871	9311028
ORDER	739	0	13	9272871	9311028
ORDER	742	0	65	9272871	9311028
ORDER	750	0	4	9272871	9311028
ORDER	753	0	88	9311028	9349185
ORDER	773	0	50	9311028	9349185
ORDER	791	0	100	9349185	9387342
ORDER	798	0	43	9349185	9387342
ORDER	798	0	39	9504000	9542157
ORDER	800	0	59	9504000	9542157
ORDER	804	0	60	9504000	9542157
ORDER	804	0	38	9542157	9580314
ORDER	818	0	22	9542157	9580314
ORDER	826	0	9	9542157	9580314
ORDER	829	0	85	9542157	9580314
ORDER	830	0	88	9580314	9618471
ORDER	833	0	15	9580314	9618471
ORDER	840	0	57	9580314	9618471
ORDER	843	0	77	9618471	9656628
ORDER	859	0	72	9618471	9656628
ORDER	867	0	70	9763200	9801357
ORDER	876	0	2	9763200	9801357
ORDER	888	0	43	9763200	9801357
ORDER	892	0	48	9763200	9801357
ORDER	892	0	32	9801357	9839514
ORDER	894	0	69	9801357	9839514
ORDER	896	0	22	9801357	9839514
ORDER	932	0	17	9801357	9839514
ORDER	941	0	25	9801357	9839514
ORDER	941	0	17	9839514	9877671
ORDER	945	0	35	9839514	9877671
ORDER	948	0	15	9839514	9877671
ORDER	952	0	25	9839514	9877671
ORDER	956	0	10	9839514	9877671
ORDER	968	0	63	9839514	9877671
ORDER	991	0	22	9877671	9915828
ORDER	995	0	75	9877671	9915828
COMBI	1	4492800	4537853
COMBI	0	3603825	3609958
COMBI	0	4408055	4414277
COMBI	0	4667320	4684458
COMBI	0	6285944	6311680
COMBI	0	6907986	6913220
COMBI	0	8104128	8129027
