HEADER	5	10	1000	22	114
MACHINE	0	283	45	4	9	11	18	25	32	39	46	53	60	64	67	74	81	88	95	102	109	116	123	124	125	130	137	144	151	158	165	171	172	173	179	186	193	197	200	207	214	221	228	235	239	240	242	249
MACHINE	1	149	78	0	1	2	3	9	10	16	17	23	24	30	31	37	38	44	45	51	52	58	59	65	66	72	73	79	80	86	87	93	94	95	100	101	107	108	114	115	121	122	128	129	135	136	142	143	149	150	156	157	163	164	170	171	177	178	179	184	185	191	192	194	198	199	205	206	212	213	219	220	226	227	233	234	240	241	243	247	248
MACHINE	2	58	49	3	10	17	24	28	31	38	45	52	57	59	66	73	80	87	88	89	94	97	101	108	115	122	129	132	133	134	136	143	150	157	164	171	175	178	185	192	199	200	206	213	220	227	234	238	239	240	241	248
MACHINE	3	113	79	4	5	11	12	17	18	19	25	26	32	33	37	39	40	46	47	53	54	60	61	63	67	68	74	75	81	82	88	89	94	95	96	102	103	109	110	116	117	123	124	130	131	137	138	140	144	145	151	152	158	159	165	166	171	172	173	179	180	186	187	192	193	194	200	201	207	208	214	215	221	222	228	229	235	236	241	242	243	249
MACHINE	4	99	49	1	4	8	15	22	29	36	43	50	55	57	64	71	72	73	78	85	92	99	106	113	118	120	127	134	141	145	148	150	151	152	155	162	169	176	183	190	196	197	204	211	215	218	225	232	239	243	244	246
BOM	0	0	56953	51552
BOM	0	2	49502	53837
BOM	0	3	11792	65738
BOM	0	4	67074	53564
BOM	1	0	15529	57659
BOM	1	1	22709	22666
BOM	1	4	16605	45536
BOM	2	2	32261	69998
BOM	2	4	45063	10835
BOM	3	0	20061	36604
BOM	3	4	33047	30023
BOM	4	1	9998	95348
BOM	4	2	3649	24382
BOM	4	3	102736	57853
BOM	5	0	35222	33775
BOM	5	4	47719	37715
BOM	6	3	15343	39287
BOM	6	4	47788	71108
BOM	7	4	16161	6954
BOM	8	1	24267	60935
BOM	9	2	6743	5110
BOM	9	4	4177	34102
COMBI	0	0	0	0	0
COMBI	0	0	1	21689	534568
COMBI	0	0	3	10486	585014
COMBI	0	0	5	6171	320310
COMBI	0	1	0	1430	765716
COMBI	0	1	1	0	0
COMBI	0	1	3	1891	349393
COMBI	0	1	5	13422	549307
COMBI	0	3	0	13514	395591
COMBI	0	3	1	22206	575304
COMBI	0	3	3	0	0
COMBI	0	3	5	23817	684408
COMBI	0	5	0	3959	241147
COMBI	0	5	1	3889	987931
COMBI	0	5	3	2041	742714
COMBI	0	5	5	0	0
COMBI	1	1	1	0	0
COMBI	1	1	4	6469	372556
COMBI	1	1	8	5882	793432
COMBI	1	4	1	3115	690493
COMBI	1	4	4	0	0
COMBI	1	4	8	4700	420831
COMBI	1	8	1	3360	300675
COMBI	1	8	4	7803	321030
COMBI	1	8	8	0	0
COMBI	2	0	0	0	0
COMBI	2	0	2	2687	485769
COMBI	2	0	4	5126	576511
COMBI	2	0	9	1072	305093
COMBI	2	2	0	9993	797638
COMBI	2	2	2	0	0
COMBI	2	2	4	7250	726140
COMBI	2	2	9	2648	566407
COMBI	2	4	0	5262	495152
COMBI	2	4	2	19704	619920
COMBI	2	4	4	0	0
COMBI	2	4	9	5475	412199
COMBI	2	9	0	1407	798025
COMBI	2	9	2	40456	564917
COMBI	2	9	4	5002	525131
COMBI	2	9	9	0	0
COMBI	3	0	0	0	0
COMBI	3	0	4	6558	330005
COMBI	3	0	6	1463	378453
COMBI	3	4	0	12123	409089
COMBI	3	4	4	0	0
COMBI	3	4	6	10741	322621
COMBI	3	6	0	2977	716236
COMBI	3	6	4	17726	461176
COMBI	3	6	6	0	0
COMBI	4	0	0	0	0
COMBI	4	0	1	1890	591392
COMBI	4	0	2	13855	739447
COMBI	4	0	3	1558	229456
COMBI	4	0	5	4096	716985
COMBI	4	0	6	7375	601596
COMBI	4	0	7	8580	387344
COMBI	4	0	9	13516	260667
COMBI	4	1	0	5205	398019
COMBI	4	1	1	0	0
COMBI	4	1	2	11971	632014
COMBI	4	1	3	10525	409426
COMBI	4	1	5	3432	772980
COMBI	4	1	6	19656	431225
COMBI	4	1	7	2646	871067
COMBI	4	1	9	10616	441761
COMBI	4	2	0	12312	772638
COMBI	4	2	1	2305	190692
COMBI	4	2	2	0	0
COMBI	4	2	3	6259	537360
COMBI	4	2	5	3128	393865
COMBI	4	2	6	21839	191490
COMBI	4	2	7	13399	587148
COMBI	4	2	9	18437	780189
COMBI	4	3	0	34626	510789
COMBI	4	3	1	2131	500079
COMBI	4	3	2	3530	335397
COMBI	4	3	3	0	0
COMBI	4	3	5	7074	298260
COMBI	4	3	6	13150	503254
COMBI	4	3	7	17236	355612
COMBI	4	3	9	1307	341434
COMBI	4	5	0	13092	380707
COMBI	4	5	1	19550	223784
COMBI	4	5	2	5858	131905
COMBI	4	5	3	14402	366571
COMBI	4	5	5	0	0
COMBI	4	5	6	9019	366600
COMBI	4	5	7	2656	804870
COMBI	4	5	9	10328	602789
COMBI	4	6	0	17114	666134
COMBI	4	6	1	10551	180215
COMBI	4	6	2	29822	483371
COMBI	4	6	3	10611	842943
COMBI	4	6	5	23169	716503
COMBI	4	6	6	0	0
COMBI	4	6	7	2516	391950
COMBI	4	6	9	4036	735644
COMBI	4	7	0	2617	509864
COMBI	4	7	1	3330	663513
COMBI	4	7	2	5407	570052
COMBI	4	7	3	17114	676416
COMBI	4	7	5	4658	379721
COMBI	4	7	6	1393	378389
COMBI	4	7	7	0	0
COMBI	4	7	9	7173	908934
COMBI	4	9	0	13881	241490
COMBI	4	9	1	17438	682041
COMBI	4	9	2	3267	541889
COMBI	4	9	3	11965	419910
COMBI	4	9	5	1736	524990
COMBI	4	9	6	11467	427271
COMBI	4	9	7	8404	728099
COMBI	4	9	9	0	0
ORDER	0	1	1233416	1727721	63	24	797952	56858
ORDER	1	1	1900325	2355330	10	2	756601	134709
ORDER	2	2	464646	782046	63	5	589726	45893
ORDER	3	3	1599767	1886877	37	11	114337	61654
ORDER	4	8	2619317	3116813	28	2	622107	36601
ORDER	5	3	2250437	2624992	97	13	338174	85287
ORDER	6	5	485552	949918	14	8	470837	17149
ORDER	7	0	1242405	1651584	45	13	472257	16416
ORDER	8	0	1327017	1651156	73	14	211881	73760
ORDER	9	3	1856097	2204369	18	3	475504	134034
ORDER	10	6	1569706	1874000	100	1	567893	38464
ORDER	11	7	2963909	3557853	79	28	582172	349339
ORDER	12	6	2593796	3044432	23	2	600682	241087
ORDER	13	3	2728935	3035200	34	18	308076	100182
ORDER	14	8	1434330	1850492	57	23	932267	293611
ORDER	15	9	709826	1063844	55	15	348333	79261
ORDER	16	9	927518	1258472	18	3	100000	38140
ORDER	17	7	2260932	2633717	62	6	692042	171737
ORDER	18	9	782773	1060635	90	19	337430	30146
ORDER	19	4	0	591291	85	23	100000	40694
ORDER	20	6	2785221	3073059	98	28	169625	135293
ORDER	21	4	222973	618920	61	3	226331	68459
ORDER	22	5	851858	1122858	58	4	822627	74327
ORDER	23	1	607685	1292412	77	21	497942	12455
ORDER	24	6	2381987	2740987	93	21	170604	47809
ORDER	25	1	807648	1413029	79	21	470919	23098
ORDER	26	2	0	296999	3	2	878860	38600
ORDER	27	8	2792247	3237654	66	33	101262	242989
ORDER	28	7	978424	1275696	60	25	514807	15887
ORDER	29	0	1703395	2103788	31	14	115652	208521
ORDER	30	9	603800	1241388	32	3	541624	82383
ORDER	31	5	1862303	2388242	4	2	507512	92438
ORDER	32	2	1342963	1844856	60	1	306446	76445
ORDER	33	2	0	269732	75	16	849212	15568
ORDER	34	5	820607	1284436	38	15	576711	69159
ORDER	35	1	375043	638583	40	17	577489	96089
ORDER	36	1	522546	845789	95	33	531662	88683
ORDER	37	2	969682	1329421	90	30	436502	161752
ORDER	38	1	612523	909190	2	1	548762	49521
ORDER	39	1	1078776	1341579	16	3	714337	173743
ORDER	40	0	1301544	1734308	84	1	478842	60100
ORDER	41	2	0	259228	81	19	721532	129891
ORDER	42	8	3193540	3530610	43	18	267386	116849
ORDER	43	1	349374	642875	72	30	397382	143173
ORDER	44	3	2305625	2607160	45	17	353136	146553
ORDER	45	4	281632	648329	64	5	542605	47189
ORDER	46	4	0	262733	17	5	775366	26950
ORDER	47	9	399934	777703	11	5	236427	25115
ORDER	48	3	2677933	2988188	68	14	725448	35374
ORDER	49	1	995943	1273162	40	12	723771	89221
ORDER	50	0	708204	1120873	9	2	822444	73433
ORDER	51	6	1852513	2219008	19	5	556639	80366
ORDER	52	6	2146688	2465627	60	7	331137	41726
ORDER	53	4	753845	1186868	26	14	725667	9754
ORDER	54	4	1274730	1907698	35	9	100000	13249
ORDER	55	8	2513562	2861403	73	17	100000	145855
ORDER	56	0	1581504	2258328	49	7	242485	56599
ORDER	57	8	3456000	3824610	88	24	404156	59396
ORDER	58	4	542737	865050	34	6	694692	13460
ORDER	59	6	2197868	2615270	66	3	436117	127398
ORDER	60	8	2202407	2509174	71	32	100000	57255
ORDER	61	5	1369911	1706633	67	30	368222	270510
ORDER	62	7	1593513	1883566	65	22	238227	65520
ORDER	63	1	1389285	1672903	27	5	912560	146032
ORDER	64	5	335123	602048	51	6	314047	46696
ORDER	65	6	1265499	1529073	89	28	779916	422438
ORDER	66	8	2698532	3148653	88	28	373305	177657
ORDER	67	6	612309	1330288	53	27	740521	141951
ORDER	68	1	297315	757936	12	7	735621	180483
ORDER	69	1	1423970	1909559	12	1	517177	9234
ORDER	70	1	569256	1319899	7	2	912911	86803
ORDER	71	1	547797	893641	23	5	584520	33323
ORDER	72	9	0	435928	18	1	100000	50403
ORDER	73	0	2105568	2468402	4	1	551311	74677
ORDER	74	3	1773584	2148328	28	11	659874	81374
ORDER	75	3	2193754	2701482	11	4	399076	19998
ORDER	76	5	800886	1230370	72	14	401943	25365
ORDER	77	3	1840534	2101473	96	48	607701	62979
ORDER	78	3	1595755	1936106	35	7	290096	156885
ORDER	79	9	1244684	1603040	6	2	395773	229559
ORDER	80	9	589968	872361	66	7	105440	62874
ORDER	81	8	2162867	2473892	93	35	520083	41644
ORDER	82	2	1695393	1975047	100	42	448340	88090
ORDER	83	7	2110349	2869403	79	38	749703	78442
ORDER	84	2	303186	671768	19	7	403180	63955
ORDER	85	3	903000	1481170	86	33	366840	19836
ORDER	86	3	2974600	3610383	38	5	359291	13485
ORDER	87	2	1068291	1484447	87	29	975808	56611
ORDER	88	6	1572792	1853897	12	7	661766	36659
ORDER	89	0	1299635	1801960	73	6	357227	98730
ORDER	90	1	0	301515	5	2	480099	13928
ORDER	91	8	2685030	3263678	47	10	705458	55147
ORDER	92	0	2082343	2688250	41	10	375601	83600
ORDER	93	4	446650	736225	36	3	100000	57851
ORDER	94	5	633581	1236719	39	13	768887	25570
ORDER	95	8	3456000	3774611	30	2	730840	208520
ORDER	96	0	1047767	1310949	8	3	260605	59264
ORDER	97	3	2047465	2350296	32	15	512300	54785
ORDER	98	0	2276356	2698843	41	14	525590	15158
ORDER	99	3	1511286	1771204	74	26	227556	135122
ORDER	100	9	201572	492588	94	30	585938	28027
ORDER	101	9	0	428672	65	3	403342	145503
ORDER	102	1	801226	1079272	6	3	446556	125367
ORDER	103	9	526559	1124815	99	7	595504	71601
ORDER	104	3	979191	1254768	17	1	408339	75921
ORDER	105	2	551203	1019138	82	9	177640	32959
ORDER	106	7	1306693	1590650	86	43	566998	22477
ORDER	107	9	136262	402035	45	10	807474	54643
ORDER	108	5	1042018	1392963	65	6	477735	72929
ORDER	109	6	2871836	3396039	35	17	100000	324145
ORDER	110	4	1178793	1485644	100	11	434517	193683
ORDER	111	5	1203406	1608094	27	11	297632	24235
ORDER	112	3	2157937	2491655	76	7	766485	39756
ORDER	113	6	1919644	2192123	10	4	387098	31749
ORDER	114	9	776716	1041176	37	1	775323	169645
ORDER	115	1	342483	605645	40	1	743017	62760
ORDER	116	1	1108249	1377256	33	14	1000000	98357
ORDER	117	8	2369896	2864351	33	8	309098	51545
ORDER	118	4	140959	794649	5	1	100000	173777
ORDER	119	1	1314202	1622506	93	28	837147	153909
ORDER	120	9	0	300663	23	11	452283	181208
ORDER	121	3	1232237	1617096	29	1	606901	11027
ORDER	122	2	1643624	2556632	67	1	636715	13206
ORDER	123	1	633158	1067355	40	16	384563	93071
ORDER	124	6	1780238	2117350	55	4	393646	41106
ORDER	125	1	344506	802354	26	1	100000	100467
ORDER	126	2	0	269187	34	13	550998	27039
ORDER	127	5	1099549	1602853	84	28	552256	104227
ORDER	128	3	2599004	2929918	68	24	558938	66986
ORDER	129	3	1807412	2078719	98	14	311219	25189
ORDER	130	2	176939	457403	36	19	370987	67455
ORDER	131	8	1961808	2258092	38	16	575122	25100
ORDER	132	9	1189434	1503178	25	7	521143	196235
ORDER	133	2	474378	766897	98	3	493594	45799
ORDER	134	8	2948968	3233446	4	1	573766	52839
ORDER	135	1	634539	1147697	76	9	543400	36996
ORDER	136	8	2993494	3613427	29	9	318023	219270
ORDER	137	2	14360	370767	85	20	285291	109902
ORDER	138	7	2276720	2591006	76	35	604294	79885
ORDER	139	4	159140	596802	99	31	373127	63455
ORDER	140	1	210943	534322	93	26	100000	34680
ORDER	141	9	685238	981893	44	23	539909	69797
ORDER	142	8	3261134	3537527	70	35	400079	17873
ORDER	143	5	0	333716	68	17	251541	40247
ORDER	144	7	2353098	2674081	77	10	561483	35133
ORDER	145	1	124470	496504	12	5	100000	10969
ORDER	146	4	941329	1226665	33	14	845849	12594
ORDER	147	6	1658351	2016692	66	8	461162	22820
ORDER	148	7	2516710	2924105	87	1	473696	49747
ORDER	149	5	0	264855	27	7	785934	41195
ORDER	150	4	1905796	2169564	10	6	705130	72618
ORDER	151	1	28326	545600	88	31	560293	260593
ORDER	152	8	2476006	2980931	20	6	242130	81906
ORDER	153	7	1689366	1967551	39	16	512690	231674
ORDER	154	3	1526398	1787932	53	4	490039	80801
ORDER	155	0	1475040	1792139	37	1	711056	81093
ORDER	156	7	1058383	1409493	53	16	342441	48328
ORDER	157	2	1652941	2058331	8	4	273538	132561
ORDER	158	0	1099228	1376131	89	4	620369	20923
ORDER	159	9	352610	626114	58	29	195426	46095
ORDER	160	7	1430800	1816769	66	16	272030	39377
ORDER	161	7	2801293	3122195	96	40	595346	11942
ORDER	162	4	564985	896350	25	5	763739	99598
ORDER	163	9	0	328531	74	7	675230	22726
ORDER	164	1	402795	790948	57	13	900860	52982
ORDER	165	1	0	298294	38	1	483487	61453
ORDER	166	4	717581	1232635	51	20	597335	10259
ORDER	167	4	906217	1312077	42	16	100000	61545
ORDER	168	3	2515866	3397836	69	26	685720	75445
ORDER	169	5	581361	909645	80	37	443958	25595
ORDER	170	5	0	338571	35	17	100000	82647
ORDER	171	4	798805	1220745	94	16	464214	29690
ORDER	172	1	429268	700128	56	24	886925	42138
ORDER	173	0	1197736	1550691	74	6	479418	191114
ORDER	174	5	420304	846963	76	31	541682	17873
ORDER	175	0	1638437	1959169	8	4	412639	36407
ORDER	176	1	744894	1146326	42	1	439163	87048
ORDER	177	4	56237	348233	67	4	272820	49447
ORDER	178	3	1398903	1682726	73	1	660777	151513
ORDER	179	9	0	543554	45	11	100000	45245
ORDER	180	0	1228290	1501870	77	1	490609	120845
ORDER	181	6	1878375	2150185	74	7	288857	35394
ORDER	182	7	2354566	2677265	43	2	786222	115503
ORDER	183	8	3253629	3525666	20	11	350288	92972
ORDER	184	5	32979	302681	12	6	485870	58277
ORDER	185	9	653286	1225320	73	4	396792	107455
ORDER	186	6	1088818	1378197	73	8	577812	147245
ORDER	187	0	2513702	2994007	65	7	382507	9349
ORDER	188	8	3083252	3442540	53	19	537531	53647
ORDER	189	4	1345901	1636224	92	2	689388	88050
ORDER	190	0	1647787	2124184	62	4	179753	33727
ORDER	191	5	77139	482417	30	10	315560	43291
ORDER	192	0	2205023	2700881	68	3	438692	34388
ORDER	193	3	2116165	2510216	71	30	742976	129582
ORDER	194	4	886561	1153301	78	4	237894	66977
ORDER	195	4	165955	484496	76	17	231756	15129
ORDER	196	3	1564368	1848702	3	2	275506	27101
ORDER	197	3	1462158	1775553	76	34	324716	83398
ORDER	198	4	322068	759315	6	3	557180	94198
ORDER	199	5	916477	1382112	15	6	416196	64134
ORDER	200	7	546464	834448	61	10	855617	18196
ORDER	201	5	50209	377170	48	5	975026	56436
ORDER	202	3	1897320	2446303	52	18	382413	59793
ORDER	203	6	2414816	2735336	86	44	398105	56894
ORDER	204	0	2013939	2634526	41	1	386039	107483
ORDER	205	2	337856	604152	75	5	1000000	63857
ORDER	206	0	1735862	1995572	72	1	397675	23927
ORDER	207	8	3456000	3992861	24	5	541749	137889
ORDER	208	3	2068046	2503645	96	45	525115	67916
ORDER	209	9	1139499	1991557	31	10	412448	13791
ORDER	210	1	0	552101	6	1	774505	161757
ORDER	211	3	1217865	1660763	41	17	833446	221176
ORDER	212	0	1714320	2021094	90	24	489570	276830
ORDER	213	0	1470528	1824239	64	1	672823	62180
ORDER	214	1	150874	1090250	9	3	100000	90281
ORDER	215	9	718166	1061302	80	1	836758	298693
ORDER	216	8	2702077	3097809	41	17	532947	48807
ORDER	217	2	1021949	1362764	76	1	510307	37330
ORDER	218	1	0	386338	96	8	909459	222798
ORDER	219	7	2201857	2537371	24	8	414681	20299
ORDER	220	9	408420	762494	38	8	413970	37274
ORDER	221	5	997935	1422834	14	3	810101	29485
ORDER	222	5	269488	532665	77	6	521675	74880
ORDER	223	2	493268	858036	51	10	757361	18352
ORDER	224	7	1424496	1798496	70	12	519103	270513
ORDER	225	2	15520	321115	75	9	715736	79897
ORDER	226	9	2083039	2396149	38	7	369887	37723
ORDER	227	6	1412935	1809658	29	11	100000	9881
ORDER	228	9	1516026	1924276	11	5	915089	47291
ORDER	229	2	856270	1160633	40	12	913290	144933
ORDER	230	1	0	434412	56	24	557805	155106
ORDER	231	5	1009718	1485714	73	20	679653	40428
ORDER	232	1	824799	1127567	18	7	631743	21572
ORDER	233	4	1183350	1464666	63	3	943879	14572
ORDER	234	8	2418910	2698203	84	5	308793	16086
ORDER	235	3	1270082	1669015	87	19	266896	27312
ORDER	236	9	877832	1137359	81	12	394596	110414
ORDER	237	9	807878	1121139	4	2	485418	187769
ORDER	238	5	500205	935860	48	10	217495	11440
ORDER	239	7	2805562	3148439	31	8	541874	22000
ORDER	240	7	1032853	1489756	69	26	694605	61721
ORDER	241	6	1766681	2077821	93	42	329710	98674
ORDER	242	9	366823	805115	38	4	100000	32276
ORDER	243	7	1480808	1884279	83	37	574480	13645
ORDER	244	5	0	551391	62	18	535311	22090
ORDER	245	0	1598284	1900693	54	11	100000	63610
ORDER	246	6	2442898	2944531	94	42	587785	15175
ORDER	247	2	0	548632	83	6	211172	31810
ORDER	248	4	850352	1181416	37	16	592294	71845
ORDER	249	4	466553	784204	42	15	457454	28262
ORDER	250	5	1254106	1573253	2	1	100000	167748
ORDER	251	2	0	338753	71	9	323289	37450
ORDER	252	6	1128983	1424866	46	24	977166	129928
ORDER	253	8	2228815	2608913	31	8	772918	48365
ORDER	254	0	1870469	2179043	32	9	354337	32282
ORDER	255	8	3456000	4102119	41	13	844202	105416
ORDER	256	1	848924	1502328	79	19	633476	340270
ORDER	257	7	1473148	1791139	32	9	439665	157102
ORDER	258	7	1663162	2034495	94	16	419813	25006
ORDER	259	6	2105365	2397243	43	13	337572	69685
ORDER	260	3	2248128	2650683	19	7	376913	181377
ORDER	261	8	3456000	3815994	27	13	399149	49008
ORDER	262	2	0	528349	66	4	476181	38952
ORDER	263	5	0	354270	81	25	1000000	51364
ORDER	264	0	2139608	2775256	10	3	639761	30514
ORDER	265	2	205279	634788	10	5	657575	124296
ORDER	266	1	369453	820247	30	4	546137	16287
ORDER	267	5	28742	300734	62	3	453281	27788
ORDER	268	9	604482	883245	45	7	636499	125023
ORDER	269	0	2530344	2986670	80	8	502949	176724
ORDER	270	6	1787588	2053484	55	3	100000	138165
ORDER	271	9	713843	1132261	82	16	155855	36096
ORDER	272	2	1284915	1838555	59	1	344609	106714
ORDER	273	1	0	394083	54	3	215142	16909
ORDER	274	6	1265291	1557658	92	34	461962	24892
ORDER	275	6	2511096	2786124	63	11	554370	197979
ORDER	276	4	284916	681673	61	2	420792	55883
ORDER	277	3	1033935	1564891	5	1	404164	52407
ORDER	278	4	1585527	1860280	79	5	827716	65936
ORDER	279	7	1775456	2401287	8	2	298120	20099
ORDER	280	8	3077230	3459604	15	5	100000	123746
ORDER	281	4	617418	1054900	54	10	572753	157925
ORDER	282	0	1826357	2103527	66	1	253471	86432
ORDER	283	7	1802937	2076144	23	11	531849	47490
ORDER	284	3	1378464	1743126	65	28	392092	32964
ORDER	285	0	1599730	2342394	90	18	594839	120262
ORDER	286	1	0	406331	32	3	668045	42894
ORDER	287	0	1750900	2021304	62	1	988755	22875
ORDER	288	8	2383757	2645366	28	5	486112	79533
ORDER	289	2	1503559	1844384	79	12	421848	56456
ORDER	290	2	1439571	2132842	67	5	240035	122947
ORDER	291	7	1943794	2570167	40	20	553603	44251
ORDER	292	1	211938	648292	24	13	708211	69440
ORDER	293	6	2337338	2675662	43	10	550967	289538
ORDER	294	5	509937	847790	5	3	946106	16306
ORDER	295	7	282089	607551	91	13	447967	13784
ORDER	296	7	2358323	2701187	10	1	182362	65294
ORDER	297	6	2312475	2616280	88	26	961078	25160
ORDER	298	9	0	765981	99	10	411544	87795
ORDER	299	6	2238732	2576538	24	10	198349	17886
ORDER	300	5	124055	426429	16	9	628450	136677
ORDER	301	3	2268389	2650347	74	16	709490	514075
ORDER	302	1	973145	1377213	29	3	707796	255829
ORDER	303	5	961299	1262817	64	1	344892	18610
ORDER	304	7	1970018	2341027	31	4	740472	147565
ORDER	305	2	0	702690	79	7	516684	136453
ORDER	306	3	1580049	2041185	46	8	136191	33630
ORDER	307	9	955402	1274546	19	6	610768	17745
ORDER	308	8	3456000	3967261	94	22	787209	257135
ORDER	309	5	369276	736182	75	32	100000	81722
ORDER	310	5	1104011	1405007	5	1	595592	136963
ORDER	311	1	214825	521776	67	26	280060	23422
ORDER	312	6	1616289	2051809	29	10	143275	43493
ORDER	313	2	73795	507380	91	23	800634	130645
ORDER	314	3	1333818	2051544	21	3	166737	286476
ORDER	315	3	1460011	2457227	26	14	367510	29105
ORDER	316	3	759136	1077838	49	25	100000	233329
ORDER	317	4	211370	620610	64	3	616686	40004
ORDER	318	1	796058	1209678	72	36	289897	74955
ORDER	319	7	1140327	1966778	71	31	203223	129779
ORDER	320	8	3163664	3547258	36	5	859291	27627
ORDER	321	0	1385135	1662131	98	12	836148	20179
ORDER	322	3	1087627	1605692	83	14	466000	22676
ORDER	323	0	798374	1302040	59	1	263709	60638
ORDER	324	5	0	282779	51	22	615826	59543
ORDER	325	2	0	266192	52	9	432812	43880
ORDER	326	9	148598	497051	65	3	753611	144302
ORDER	327	2	996124	1480104	59	1	743426	82710
ORDER	328	3	1851119	2280780	76	34	493227	21865
ORDER	329	0	1690350	2160489	5	3	645289	144951
ORDER	330	5	469366	927128	69	29	361369	32649
ORDER	331	0	2289175	2753903	28	15	258327	178615
ORDER	332	5	385070	778631	91	11	592528	87436
ORDER	333	8	2980283	3581385	7	3	554591	86488
ORDER	334	6	1405432	1781298	27	5	238460	26839
ORDER	335	9	90453	453519	98	3	565273	60380
ORDER	336	1	298873	598085	2	2	100000	41645
ORDER	337	3	1486818	1941136	55	4	579957	48862
ORDER	338	6	2691756	3380333	15	8	514888	124440
ORDER	339	0	1884265	2223397	100	40	594351	212727
ORDER	340	7	1531937	1914418	81	16	569618	82592
ORDER	341	5	447012	737718	7	4	790878	168759
ORDER	342	2	1090442	1380400	73	13	273804	21887
ORDER	343	6	2123786	2462459	6	4	482667	77396
ORDER	344	2	765524	1053004	38	20	615442	154857
ORDER	345	8	2750759	3035874	11	6	118660	257494
ORDER	346	0	2173706	2507191	40	12	1000000	145094
ORDER	347	5	0	304905	66	11	280758	16238
ORDER	348	6	2428236	3366034	5	1	100000	16041
ORDER	349	4	1364627	1743343	30	5	139505	99093
ORDER	350	3	2788041	3444133	19	7	476145	26897
ORDER	351	2	1434650	1759904	52	8	104089	79663
ORDER	352	5	1376094	1899673	23	3	665565	109722
ORDER	353	6	1051118	1384064	79	40	519315	302242
ORDER	354	9	373899	913166	58	21	404261	104065
ORDER	355	2	411742	777398	96	7	233692	140360
ORDER	356	7	1903150	2448430	73	36	690132	32984
ORDER	357	6	2060641	2405727	29	5	662529	73456
ORDER	358	9	324988	627496	63	3	433663	56378
ORDER	359	7	1079058	1830144	19	10	488437	45339
ORDER	360	1	1104340	1571772	20	9	511623	143920
ORDER	361	5	0	496324	60	30	323985	13182
ORDER	362	2	1054309	1737019	81	19	603696	37170
ORDER	363	7	1260474	1564113	58	1	100000	27936
ORDER	364	8	3288242	3575932	76	11	613288	78056
ORDER	365	7	721701	1165425	14	8	1000000	48588
ORDER	366	4	640108	1069735	27	7	519270	24529
ORDER	367	3	2165673	2502301	72	22	429403	101536
ORDER	368	4	1008830	1276358	49	6	568095	87520
ORDER	369	3	1940362	2404049	88	14	605891	10797
ORDER	370	9	85726	723095	13	1	486092	38771
ORDER	371	7	1484708	1829225	56	27	338973	11632
ORDER	372	4	524172	798680	9	1	559377	67660
ORDER	373	8	2290829	2774117	94	39	100000	18696
ORDER	374	6	1587161	1929284	48	14	652365	116017
ORDER	375	6	1257603	1664108	64	11	403314	61831
ORDER	376	7	1266894	1546589	50	7	525575	58808
ORDER	377	6	1975681	2300909	62	3	684800	36022
ORDER	378	3	2255770	2590848	91	22	624065	96281
ORDER	379	2	154795	506876	22	8	624819	65960
ORDER	380	3	2727133	3009950	3	2	147662	50426
ORDER	381	5	1901844	2268319	70	2	410377	67439
ORDER	382	1	0	262412	87	8	281619	64548
ORDER	383	6	2107316	2533425	39	2	1000000	100484
ORDER	384	6	1597731	1976274	49	24	522765	256185
ORDER	385	2	675485	1200309	33	4	726965	8664
ORDER	386	4	359687	963844	18	3	290639	26181
ORDER	387	4	464408	770233	80	17	225738	41827
ORDER	388	7	1932329	2208676	20	10	340063	15869
ORDER	389	5	0	379241	8	5	268010	36566
ORDER	390	2	317038	713727	3	2	976023	106722
ORDER	391	5	173911	543796	33	12	356520	54793
ORDER	392	7	1140341	1596592	34	4	673542	10495
ORDER	393	7	2062465	2757119	50	23	399067	298250
ORDER	394	3	1147909	1634320	17	7	503606	191620
ORDER	395	5	0	693141	24	12	350781	53521
ORDER	396	8	2894164	3191627	90	33	698926	61003
ORDER	397	5	0	391915	65	15	798044	150386
ORDER	398	5	950307	1317745	62	15	537528	62567
ORDER	399	2	1021611	1351810	40	15	281131	73394
ORDER	400	6	1678420	1957981	90	13	764653	50615
ORDER	401	6	1387294	1720374	85	18	509506	252944
ORDER	402	0	1434642	1809214	12	1	528773	9482
ORDER	403	0	1043199	1503775	67	8	135448	50844
ORDER	404	8	3068279	3462180	79	17	927114	40234
ORDER	405	6	338650	613285	43	3	440574	141820
ORDER	406	2	682285	1354992	39	1	739361	40183
ORDER	407	3	1666802	2046345	37	19	237383	13771
ORDER	408	0	1656069	2076419	63	3	656672	50193
ORDER	409	6	2059687	2391896	37	19	218271	102021
ORDER	410	9	1147085	1428179	17	9	100000	99552
ORDER	411	4	2066716	2550323	27	11	539109	21218
ORDER	412	6	1395987	1696632	78	8	614050	168894
ORDER	413	5	1037151	1303591	63	13	547410	121570
ORDER	414	7	1141389	1409725	80	40	348996	69578
ORDER	415	7	1398481	1686583	49	7	997137	62261
ORDER	416	2	615944	902207	74	1	540269	67518
ORDER	417	4	506168	907581	36	19	318598	51264
ORDER	418	3	1593851	1910703	18	3	388384	199179
ORDER	419	9	797386	1063989	52	5	692402	37664
ORDER	420	4	775852	1061577	5	1	823284	11972
ORDER	421	9	1762590	2048088	82	5	388251	38449
ORDER	422	5	406282	832824	19	5	348483	29256
ORDER	423	4	658922	991535	13	3	405195	19549
ORDER	424	3	1544840	2215272	54	17	337453	25565
ORDER	425	0	2577825	2880690	23	9	242777	42736
ORDER	426	5	583854	1096217	1	1	371327	37748
ORDER	427	2	713124	1197585	97	3	939116	37171
ORDER	428	8	3266353	3646735	93	7	534780	40402
ORDER	429	8	2797720	3651748	39	19	745489	17429
ORDER	430	7	2586540	3036773	12	5	778258	45102
ORDER	431	2	1102382	1439481	11	4	764236	53471
ORDER	432	9	293581	563376	16	5	100000	171494
ORDER	433	3	1588618	1914766	77	32	828318	36910
ORDER	434	3	1015741	1359164	74	10	186971	23054
ORDER	435	9	1143427	1407801	63	2	758953	322105
ORDER	436	1	477045	987132	43	5	787586	27457
ORDER	437	7	2116215	2379688	96	14	650788	92383
ORDER	438	3	1705817	1995358	1	1	794363	95983
ORDER	439	4	920169	1368113	34	5	978308	15601
ORDER	440	2	0	790714	98	32	649846	206767
ORDER	441	6	2276898	2717215	97	30	608432	44335
ORDER	442	7	872221	1140437	7	3	767436	15630
ORDER	443	5	442709	779128	51	26	496916	10292
ORDER	444	6	1774831	2182801	75	8	597865	15391
ORDER	445	5	1128191	1559138	6	4	1000000	85624
ORDER	446	6	0	360421	42	22	499055	75935
ORDER	447	0	1741525	2002039	77	11	405756	38171
ORDER	448	1	701361	1021810	2	1	694625	64076
ORDER	449	4	914860	1285229	63	4	335431	12644
ORDER	450	6	1248736	1731762	97	19	612884	129741
ORDER	451	4	519243	818426	32	9	111090	206965
ORDER	452	0	2031133	2543360	9	5	787997	155856
ORDER	453	4	799222	1093322	28	9	294746	96001
ORDER	454	3	1536720	1880288	34	16	358539	25048
ORDER	455	8	3199604	3564683	26	2	435323	65980
ORDER	456	3	2007332	2341157	24	2	837192	137476
ORDER	457	1	0	406877	32	11	592013	36132
ORDER	458	5	1197149	1638820	12	2	347060	87502
ORDER	459	9	879044	1300981	72	7	575856	32511
ORDER	460	1	260641	618830	9	1	100000	91118
ORDER	461	2	430332	767758	23	8	342589	13337
ORDER	462	8	2610934	2894502	37	4	387107	67712
ORDER	463	0	799330	1352503	10	6	786055	31240
ORDER	464	7	1411400	1730784	57	24	569702	57349
ORDER	465	9	764128	1030218	21	11	611807	63336
ORDER	466	5	236927	589992	81	23	281160	51220
ORDER	467	7	1733224	2117331	42	16	804979	14387
ORDER	468	7	795342	1064473	86	9	583282	9238
ORDER	469	7	1764450	2069926	62	28	696599	32108
ORDER	470	1	254137	708128	46	2	389584	216217
ORDER	471	0	2490347	3290466	1	1	100000	123804
ORDER	472	0	1630553	1906760	25	1	115605	42057
ORDER	473	8	2541457	3186221	82	30	515376	11571
ORDER	474	7	1872715	2148373	28	5	275205	103088
ORDER	475	9	359791	761802	79	11	1000000	232773
ORDER	476	3	2392447	2961090	12	1	751394	45517
ORDER	477	8	3456000	3914750	76	24	266549	185205
ORDER	478	2	1369748	1673508	63	1	770098	188916
ORDER	479	7	1409780	1823699	69	9	885072	10991
ORDER	480	6	1493390	1799036	46	1	425775	20613
ORDER	481	3	1676325	2004767	81	36	443003	41128
ORDER	482	8	2725039	3136427	1	1	645721	30765
ORDER	483	0	2239687	2618767	57	7	505759	54761
ORDER	484	0	2115005	2388986	99	16	515584	167747
ORDER	485	3	2351981	2919662	48	9	607303	59285
ORDER	486	8	3202649	3771672	9	3	777111	49670
ORDER	487	7	2308454	2575348	74	11	613583	37423
ORDER	488	1	678089	1403593	30	6	750511	9806
ORDER	489	0	2315030	2763991	31	3	210211	33821
ORDER	490	3	2400941	2880635	27	6	533383	88920
ORDER	491	2	369813	735879	16	8	835276	257499
ORDER	492	3	1829690	2579653	76	29	868361	109308
ORDER	493	4	965504	1299445	28	11	569972	29081
ORDER	494	5	0	687445	54	25	997481	263196
ORDER	495	6	3190222	3809686	2	1	663576	48132
ORDER	496	5	790973	1427008	57	5	345127	250492
ORDER	497	7	2215080	2478453	15	5	667834	25201
ORDER	498	1	1074127	1475659	51	18	489488	122502
ORDER	499	0	1452449	1748507	83	17	294518	47556
ORDER	500	5	778875	1346952	46	23	327396	71202
ORDER	501	7	1071299	1627066	53	15	359334	51322
ORDER	502	4	894600	1770992	30	16	1000000	59364
ORDER	503	4	0	260503	81	22	451828	49527
ORDER	504	9	180183	674712	30	14	294760	121920
ORDER	505	8	3456000	3741693	42	1	840373	77985
ORDER	506	7	1360825	1942990	95	47	552838	19214
ORDER	507	1	533186	958155	71	36	516949	14090
ORDER	508	3	1839354	2144980	97	4	610069	52058
ORDER	509	9	1894726	2585178	16	4	748274	109163
ORDER	510	6	1695204	2723746	62	18	978492	111376
ORDER	511	6	2717023	3043589	72	33	452915	19670
ORDER	512	4	1392565	1827301	80	17	828913	25268
ORDER	513	8	2190664	2663464	4	3	449387	300892
ORDER	514	2	1617349	2054298	14	6	739199	163435
ORDER	515	2	651409	1665848	64	1	695953	10114
ORDER	516	5	350014	638412	75	35	655968	179088
ORDER	517	2	168639	517195	52	25	691830	90538
ORDER	518	7	2738772	3068355	99	45	460494	80608
ORDER	519	2	544162	959571	43	11	430562	281408
ORDER	520	5	191642	514461	2	2	841614	32682
ORDER	521	6	1578194	2132161	87	20	103315	61686
ORDER	522	1	602920	914052	21	5	299685	15006
ORDER	523	3	2164892	2522137	27	9	163505	149691
ORDER	524	3	1083376	1373068	70	11	332772	31591
ORDER	525	5	1455142	2152267	87	33	668582	150967
ORDER	526	1	0	406981	34	17	896743	23476
ORDER	527	5	1066140	1460928	45	10	708140	57089
ORDER	528	6	1973865	2235259	2	1	412760	189548
ORDER	529	2	489501	1016561	76	12	254836	51870
ORDER	530	4	795522	1124040	94	7	860628	159499
ORDER	531	5	212731	703656	18	2	434045	13179
ORDER	532	4	0	337157	74	3	594964	135713
ORDER	533	9	347621	679525	43	11	397283	254960
ORDER	534	8	3456000	3729495	59	8	314989	41514
ORDER	535	1	42675	787678	28	15	660450	148257
ORDER	536	7	1383760	1876548	49	18	631117	233328
ORDER	537	4	568411	946520	89	29	816068	173578
ORDER	538	2	374193	1004412	1	1	351382	15564
ORDER	539	3	1947704	2327707	30	16	277161	131593
ORDER	540	7	1879198	2256603	80	26	482843	21483
ORDER	541	3	2199476	2710154	99	42	565443	103521
ORDER	542	5	598244	874797	71	34	142400	193769
ORDER	543	5	292131	907896	10	6	395650	152195
ORDER	544	0	1004630	1332772	28	3	550211	99777
ORDER	545	8	2993835	3298566	95	23	573535	34784
ORDER	546	0	1401215	1744408	18	7	735788	156755
ORDER	547	5	0	372075	43	1	755957	30418
ORDER	548	6	3343994	3705013	93	37	482950	189639
ORDER	549	5	590619	858414	3	1	122636	169231
ORDER	550	6	2076309	2494840	51	7	276112	170129
ORDER	551	7	1317818	1817964	80	17	448308	128604
ORDER	552	5	1426366	1799423	61	4	531054	137728
ORDER	553	7	1447154	1771752	38	7	462059	53202
ORDER	554	6	2031823	2348102	10	6	166707	66046
ORDER	555	1	1031612	1450032	96	45	378390	10012
ORDER	556	2	433316	752613	52	10	100000	28055
ORDER	557	1	745323	1414822	32	10	934589	192361
ORDER	558	3	2559116	2826225	54	21	100000	17648
ORDER	559	7	893456	1311047	8	2	1000000	132379
ORDER	560	0	2409860	2819159	89	24	486937	208074
ORDER	561	8	3171166	3842224	3	1	382846	35893
ORDER	562	1	723620	1109066	44	21	277918	48939
ORDER	563	3	1191193	1697055	56	25	537293	239120
ORDER	564	4	64179	391003	85	22	207649	31598
ORDER	565	3	1707282	2099805	83	40	518321	14200
ORDER	566	5	0	370102	57	2	529929	231526
ORDER	567	4	412303	690755	77	13	397186	70638
ORDER	568	7	2515544	3059636	41	11	939504	23085
ORDER	569	2	1155646	1699858	42	20	443599	146716
ORDER	570	1	1237805	1850593	89	22	100000	145509
ORDER	571	8	3456000	3746937	94	21	214696	164383
ORDER	572	2	481623	833541	10	6	106537	32475
ORDER	573	8	1666796	2104986	40	14	590272	70645
ORDER	574	1	333290	631195	72	22	679324	106050
ORDER	575	5	9571	378479	59	19	420131	52533
ORDER	576	7	859215	1177980	26	14	597531	95887
ORDER	577	0	1968014	2241021	45	10	198065	14781
ORDER	578	4	1223472	1654308	99	18	1000000	10408
ORDER	579	0	2764416	3098299	57	22	789208	136711
ORDER	580	3	1480245	1873137	91	7	561903	123053
ORDER	581	3	1697973	1967257	27	4	1000000	13043
ORDER	582	6	2675729	3036241	59	17	244389	53368
ORDER	583	4	390099	722812	78	13	916124	203513
ORDER	584	0	2595198	3001017	38	7	667708	30528
ORDER	585	2	1400761	1983782	18	3	580752	58761
ORDER	586	1	378290	757177	74	5	121095	120610
ORDER	587	3	1397029	1802298	7	3	133900	211590
ORDER	588	3	607661	977918	29	10	383707	51520
ORDER	589	9	894471	1177138	4	3	640255	84376
ORDER	590	2	1724367	1999172	11	4	686835	65036
ORDER	591	2	658163	918707	92	34	1000000	14809
ORDER	592	8	3183766	3459677	96	28	453783	121045
ORDER	593	7	2059078	2536054	25	4	799405	87021
ORDER	594	1	109296	402985	16	9	363535	232474
ORDER	595	6	1589093	1858278	65	16	305078	46373
ORDER	596	5	1558910	1892439	65	10	244274	43041
ORDER	597	0	953456	1461475	60	2	473837	95566
ORDER	598	8	3456000	3738469	55	3	632970	57384
ORDER	599	0	1308761	2286421	40	4	213684	9352
ORDER	600	8	3023234	3305599	58	15	580493	11647
ORDER	601	0	1994352	2307694	29	2	689116	39960
ORDER	602	0	1826315	2088951	90	18	812567	23518
ORDER	603	0	2086989	2486449	21	5	661809	37152
ORDER	604	3	1591976	2107017	8	4	136420	113279
ORDER	605	1	690092	1049578	64	7	313111	147188
ORDER	606	7	1079823	1695046	60	31	535903	14943
ORDER	607	6	1053329	1617560	40	1	613529	65393
ORDER	608	7	1742412	2064850	92	38	210074	142218
ORDER	609	2	527430	988273	4	2	499487	81963
ORDER	610	1	1183564	1518169	11	5	730733	141021
ORDER	611	8	3456000	3811217	13	1	100000	54925
ORDER	612	7	2755661	3195651	29	2	321011	33565
ORDER	613	9	0	260992	99	21	482278	69256
ORDER	614	8	2571340	2930717	92	7	536236	62035
ORDER	615	2	535544	1088472	76	6	748202	129692
ORDER	616	7	1015509	1462311	2	1	858511	16695
ORDER	617	8	1728787	2269670	50	18	635919	389446
ORDER	618	7	1798238	2286775	7	2	538354	41095
ORDER	619	1	0	269910	15	7	232299	85005
ORDER	620	5	757337	1159765	67	29	448424	80104
ORDER	621	1	1531359	1804843	80	26	689169	42833
ORDER	622	7	2091944	2470131	87	20	698599	36175
ORDER	623	7	1041815	1315679	68	31	171065	136786
ORDER	624	4	979455	1324933	78	5	620297	85136
ORDER	625	7	2397522	2811318	53	19	438587	53524
ORDER	626	6	1213018	1477072	68	4	281402	37082
ORDER	627	4	818538	1221714	96	9	100000	27183
ORDER	628	1	0	374218	11	4	363601	37789
ORDER	629	1	236711	922162	67	12	263983	398068
ORDER	630	1	389135	679246	20	6	644126	26291
ORDER	631	1	534548	979154	85	33	312743	135290
ORDER	632	6	2002700	2853658	40	18	280369	8683
ORDER	633	6	1009088	1492214	85	22	561705	40429
ORDER	634	5	290867	713020	10	5	496189	11625
ORDER	635	9	1078034	1435964	24	3	211444	87555
ORDER	636	8	3128446	3468669	96	3	596595	167961
ORDER	637	7	1160736	1582110	50	25	687155	54861
ORDER	638	9	846986	1155677	23	12	126643	158867
ORDER	639	9	537123	1059434	15	1	826703	55169
ORDER	640	8	3456000	3765441	83	11	436010	23939
ORDER	641	1	572441	863219	51	24	324281	48274
ORDER	642	4	0	314365	89	21	646590	161951
ORDER	643	5	163279	447978	58	2	497853	28008
ORDER	644	3	1722636	2113366	99	19	425713	42849
ORDER	645	3	1947476	2214881	54	23	227168	147626
ORDER	646	8	2350379	3448269	43	5	563603	71720
ORDER	647	0	1516758	2173171	83	19	720092	74480
ORDER	648	2	1151692	1631361	50	3	694983	57522
ORDER	649	9	389126	689356	64	5	716470	62180
ORDER	650	8	3180797	3622462	60	2	145927	142909
ORDER	651	1	348424	638065	41	6	602805	108445
ORDER	652	5	938656	1296374	48	8	574423	66098
ORDER	653	4	578731	894058	47	20	816568	37515
ORDER	654	2	867142	1154527	91	2	272553	262270
ORDER	655	3	1561912	2154432	22	5	302593	419034
ORDER	656	7	2050539	2486696	87	21	830406	18817
ORDER	657	0	1498473	1810926	92	10	816868	36824
ORDER	658	4	38140	482719	95	18	572121	17994
ORDER	659	0	2153737	2417958	33	4	450252	115337
ORDER	660	1	533365	848995	1	1	100000	73411
ORDER	661	1	294693	697205	60	15	533994	11527
ORDER	662	6	2373058	2663380	55	2	829514	73651
ORDER	663	4	1262508	1565116	82	3	688528	34867
ORDER	664	4	1725850	2157846	67	3	613626	24384
ORDER	665	3	998797	1292723	80	32	252835	180596
ORDER	666	0	1247472	1564863	100	10	254852	47184
ORDER	667	7	1238389	1733769	84	10	743401	63698
ORDER	668	3	2032848	2320490	21	9	581882	12832
ORDER	669	9	296797	578120	57	24	359043	16631
ORDER	670	1	1222694	1595828	44	20	622503	68000
ORDER	671	1	764288	1169316	10	2	326931	40181
ORDER	672	3	1324958	1653048	40	16	249535	32754
ORDER	673	8	3002894	3279578	84	29	412628	115730
ORDER	674	7	2547587	2835502	39	3	519912	29317
ORDER	675	2	977358	1316676	30	6	192901	24020
ORDER	676	9	832100	1342325	92	16	509801	284476
ORDER	677	9	231994	763682	40	8	793969	58140
ORDER	678	2	2397220	3026746	63	1	551365	20657
ORDER	679	1	0	504324	64	33	418556	11239
ORDER	680	4	597339	868738	8	2	752261	48071
ORDER	681	1	1038544	1306259	64	1	722608	158054
ORDER	682	0	1553230	1881746	20	1	100000	17709
ORDER	683	2	2577657	2889257	68	2	434531	133330
ORDER	684	1	971495	1260231	100	1	690275	214079
ORDER	685	8	3072779	3666275	75	34	549898	84434
ORDER	686	7	1095220	1538062	68	26	135317	30364
ORDER	687	6	1620380	1960192	100	1	569179	15362
ORDER	688	2	1339546	2192496	1	1	519603	184859
ORDER	689	6	2121942	2648076	95	24	460039	60326
ORDER	690	0	1909327	2269865	5	1	614714	139163
ORDER	691	7	1809020	2333029	79	31	383516	36910
ORDER	692	4	668986	1033224	59	1	650993	79399
ORDER	693	7	1575144	1942845	90	32	174461	65918
ORDER	694	3	1139947	1489868	20	7	329288	71158
ORDER	695	5	1250393	1517852	40	5	437622	65297
ORDER	696	6	2260686	2520243	43	9	445109	8901
ORDER	697	8	1974614	2311720	90	42	646432	9645
ORDER	698	7	1760448	2067071	81	24	329153	202894
ORDER	699	1	429418	721159	31	3	730638	13885
ORDER	700	6	2251936	2548842	47	11	747960	213656
ORDER	701	2	721859	1161372	55	16	777834	48971
ORDER	702	5	1335523	2406674	43	7	414719	46371
ORDER	703	8	3204298	3626862	28	15	513190	33987
ORDER	704	3	1828745	2091446	54	26	343618	34742
ORDER	705	6	2088695	2372889	91	41	624879	50822
ORDER	706	2	1450527	1827303	69	6	863624	80325
ORDER	707	5	204163	527292	61	4	832508	276643
ORDER	708	2	1385193	1765342	51	10	567344	58949
ORDER	709	2	935904	1404271	11	6	100000	123319
ORDER	710	6	2096998	2404418	68	7	543537	151193
ORDER	711	2	0	325073	34	13	960153	221528
ORDER	712	2	213199	510232	32	14	265262	22718
ORDER	713	0	2467094	2820191	71	12	466323	171402
ORDER	714	8	3456000	3844470	78	20	448590	26208
ORDER	715	0	838891	1243267	100	15	254244	16321
ORDER	716	5	91357	367283	97	20	459058	162020
ORDER	717	0	119895	469058	88	5	568553	44555
ORDER	718	7	2165239	2786692	47	9	164454	47714
ORDER	719	9	727285	997846	93	11	516612	108254
ORDER	720	7	1716606	2292499	61	21	297402	36570
ORDER	721	7	1333839	1632060	76	20	722792	12193
ORDER	722	6	2015924	2409528	79	17	477250	71797
ORDER	723	6	759987	1149869	59	13	635490	19509
ORDER	724	1	834481	1269611	53	12	864802	113305
ORDER	725	6	2454005	2714120	48	10	773685	27728
ORDER	726	4	197303	529159	91	30	192377	42091
ORDER	727	9	1906924	2222706	8	1	508232	48194
ORDER	728	7	1990352	2349928	24	10	100000	18798
ORDER	729	4	1216301	1651166	14	7	832368	41561
ORDER	730	9	15553	729653	26	8	684013	52849
ORDER	731	9	724989	1128989	19	1	851964	31074
ORDER	732	0	1494330	1910323	47	2	819275	215091
ORDER	733	5	1477836	1842081	38	12	552174	78346
ORDER	734	0	1693812	2655054	34	18	454403	102793
ORDER	735	6	1854335	2167470	59	5	100000	67329
ORDER	736	3	1718553	2052256	88	21	541968	81795
ORDER	737	5	0	324420	42	15	814951	49680
ORDER	738	4	1337780	1674801	61	1	901712	11421
ORDER	739	5	347986	608586	3	2	100000	84388
ORDER	740	4	1341692	1743216	23	9	464604	53398
ORDER	741	3	2700668	2994746	41	11	383364	9920
ORDER	742	9	85375	604016	77	12	943078	14493
ORDER	743	5	997701	1310409	38	10	850880	171352
ORDER	744	4	335885	629768	89	24	180842	164244
ORDER	745	5	304730	564078	62	5	642604	31460
ORDER	746	0	1722623	2258598	73	3	100000	14423
ORDER	747	3	1632568	2002511	87	29	507761	107672
ORDER	748	6	1355033	1771794	71	35	953771	166565
ORDER	749	8	2975637	3562281	99	48	609109	174553
ORDER	750	2	0	409786	99	40	473419	105522
ORDER	751	1	646492	1102796	92	9	715717	9575
ORDER	752	6	1094902	1671161	7	3	1000000	40375
ORDER	753	7	1808761	2153723	10	3	364226	19795
ORDER	754	4	1270717	1568561	26	1	708433	167471
ORDER	755	4	0	328128	23	5	723667	102792
ORDER	756	9	890882	1201763	82	2	512093	194377
ORDER	757	1	378848	914028	46	20	428191	54602
ORDER	758	8	2142934	2609203	34	14	1000000	23442
ORDER	759	4	477656	1002511	84	14	213373	28057
ORDER	760	3	2008778	2373019	26	6	391076	51834
ORDER	761	2	939349	1306093	11	4	245230	102961
ORDER	762	2	851736	1119733	2	1	841522	108556
ORDER	763	8	3456000	3979106	52	7	535979	73907
ORDER	764	5	0	492622	9	2	122976	16922
ORDER	765	4	999475	1341839	70	7	181697	30726
ORDER	766	7	1950384	2327878	35	2	149636	101622
ORDER	767	2	267162	538302	84	17	514732	45985
ORDER	768	9	956470	1332004	75	16	408893	127571
ORDER	769	1	1297236	1682319	47	24	100000	266558
ORDER	770	9	83419	606839	27	8	865841	102359
ORDER	771	1	380842	729756	62	16	625178	66585
ORDER	772	7	2036558	2338661	14	7	647369	48441
ORDER	773	4	1162626	1610661	2	2	586562	48340
ORDER	774	2	86530	458760	49	21	457185	180414
ORDER	775	4	467851	886853	68	6	735160	39109
ORDER	776	7	1696800	1960304	48	13	423895	139796
ORDER	777	8	2559105	2838949	77	28	481347	19771
ORDER	778	0	1955888	2355568	74	1	635676	40924
ORDER	779	0	1201745	1666945	86	20	645880	21888
ORDER	780	2	1075631	1425170	71	8	1000000	18322
ORDER	781	7	1084907	1451464	44	14	213476	71036
ORDER	782	8	2648116	3017245	12	1	316657	11218
ORDER	783	2	1360394	1721847	28	12	653616	52555
ORDER	784	5	642687	1170399	72	12	202639	220067
ORDER	785	3	1690684	2279225	38	3	671092	85852
ORDER	786	3	1612663	1875519	99	50	400818	42433
ORDER	787	6	1049482	1339971	28	14	185044	33706
ORDER	788	5	488804	937960	54	28	118325	151218
ORDER	789	7	1733164	2002463	79	21	100000	137319
ORDER	790	7	1043972	1439950	49	24	330618	62640
ORDER	791	4	0	526693	55	27	318176	103405
ORDER	792	2	1733681	2083225	25	9	294377	22984
ORDER	793	8	3456000	4009406	53	10	696755	103467
ORDER	794	7	2429245	2826667	41	13	707587	12507
ORDER	795	0	2058186	2379267	71	6	271409	185382
ORDER	796	7	1337249	1658937	78	19	620188	170844
ORDER	797	1	486890	764524	66	4	482339	57393
ORDER	798	4	610182	885915	19	2	599856	55676
ORDER	799	0	1555922	1970463	81	9	325681	125403
ORDER	800	7	1705927	1978528	35	3	1000000	25875
ORDER	801	8	3379652	3649431	79	21	329774	63885
ORDER	802	1	935731	1311930	37	5	504330	69523
ORDER	803	6	1678783	2351181	6	1	464193	40710
ORDER	804	6	1908912	2430443	87	12	100000	180430
ORDER	805	1	0	402647	79	27	616932	69862
ORDER	806	1	981324	1270125	48	3	268826	291987
ORDER	807	1	190744	511962	23	3	758578	25834
ORDER	808	8	2250480	2802181	68	32	100000	20814
ORDER	809	7	976221	1272389	85	41	100000	308123
ORDER	810	2	0	585111	19	8	586911	10894
ORDER	811	5	281965	564877	88	13	914694	51181
ORDER	812	0	2320157	2752707	34	5	567805	8910
ORDER	813	8	2359583	2686889	51	26	431459	201262
ORDER	814	0	2071052	2409457	54	1	100000	74025
ORDER	815	4	263200	946410	45	1	536495	30485
ORDER	816	1	665871	1069346	16	9	100000	14885
ORDER	817	9	892246	1286737	26	2	249043	24603
ORDER	818	5	389878	922279	100	1	592006	138914
ORDER	819	5	499103	861419	48	11	477581	14442
ORDER	820	2	1162375	1494194	44	21	651288	130657
ORDER	821	3	2071934	2428039	4	2	639511	36440
ORDER	822	1	0	388508	95	21	408157	23060
ORDER	823	8	3456000	3904957	15	1	526451	169564
ORDER	824	0	1420464	2239611	29	15	692270	15535
ORDER	825	4	504543	860934	17	8	476190	75069
ORDER	826	6	1831446	2355243	44	6	705587	69950
ORDER	827	7	2525935	2937540	18	4	1000000	288815
ORDER	828	6	576728	987908	70	29	100000	53980
ORDER	829	2	212692	864609	7	2	731130	80458
ORDER	830	6	2152209	2686082	62	19	505821	42653
ORDER	831	6	580522	1635701	55	23	263610	62179
ORDER	832	3	1790158	2128668	68	5	632738	197613
ORDER	833	7	1776149	2609055	58	11	378234	48414
ORDER	834	5	505339	835637	31	16	517544	38229
ORDER	835	8	2296866	2965118	28	13	672809	90508
ORDER	836	5	658970	1065776	72	12	281265	80570
ORDER	837	2	1046519	1404193	14	2	526643	172896
ORDER	838	1	0	270848	100	1	779847	28672
ORDER	839	6	1215789	1586583	27	12	564675	229496
ORDER	840	5	0	269480	89	21	237808	40583
ORDER	841	2	787153	1086029	50	8	544063	84652
ORDER	842	8	3456000	4230638	15	3	152996	21185
ORDER	843	8	3217330	3510164	34	10	100000	87047
ORDER	844	3	2175564	2450543	91	26	722888	69114
ORDER	845	3	1020498	1487209	86	6	423383	63435
ORDER	846	0	1849383	2427452	83	24	364029	135407
ORDER	847	9	2082137	2453448	92	27	100000	32317
ORDER	848	7	1620026	1981947	57	8	317686	18826
ORDER	849	0	1548091	1836252	8	1	422223	82237
ORDER	850	1	2427778	2915607	25	10	241844	26559
ORDER	851	6	2607601	3356223	51	3	945920	426942
ORDER	852	2	352337	659631	6	3	951102	25666
ORDER	853	9	1084325	1675607	48	21	200339	23622
ORDER	854	0	2218730	2616468	34	6	814242	139294
ORDER	855	6	1822641	2411401	27	10	450962	21846
ORDER	856	9	0	279117	54	7	746706	52054
ORDER	857	8	3127076	3493649	82	18	724560	45902
ORDER	858	0	542542	936061	29	11	284244	120017
ORDER	859	6	2114954	2411880	47	5	1000000	26607
ORDER	860	5	672357	1007930	24	5	646048	29504
ORDER	861	8	2695667	2989750	24	5	379820	46611
ORDER	862	2	649080	1293480	2	1	902533	17734
ORDER	863	5	1284455	1676241	58	5	557471	78838
ORDER	864	5	647353	1064008	46	13	840370	153209
ORDER	865	0	2554698	2829693	19	7	543139	22225
ORDER	866	5	155650	443175	61	28	884399	313010
ORDER	867	0	2164885	2507455	89	13	713817	18923
ORDER	868	5	69870	472467	13	6	982099	9389
ORDER	869	6	2011962	2344331	33	1	183887	39306
ORDER	870	5	527687	937921	74	8	315392	20087
ORDER	871	0	2946898	3215812	38	15	586829	38121
ORDER	872	4	345041	729865	62	3	744077	27222
ORDER	873	3	2358996	2634682	70	14	1000000	82951
ORDER	874	4	660644	993159	17	8	1000000	43848
ORDER	875	2	1297407	1875838	72	12	827006	56498
ORDER	876	5	55335	375437	60	20	616733	36338
ORDER	877	9	748697	1013202	71	12	388082	40116
ORDER	878	0	2138147	2672745	33	12	116365	22463
ORDER	879	3	1337128	1773567	1	1	771705	45487
ORDER	880	6	799273	1283104	31	6	298456	18383
ORDER	881	5	1064463	1392570	23	5	909374	19295
ORDER	882	8	2562910	2917009	5	1	447598	116378
ORDER	883	9	650461	1026367	24	2	141119	85502
ORDER	884	0	2650908	2937003	45	12	100000	16308
ORDER	885	4	0	476421	86	8	488573	30255
ORDER	886	7	1867208	2147452	85	33	172862	60957
ORDER	887	5	0	386072	13	2	100000	64760
ORDER	888	9	162285	643449	54	17	370446	16601
ORDER	889	3	1988071	2388084	24	10	793875	90164
ORDER	890	0	2338576	2664612	54	21	721113	53879
ORDER	891	4	1048713	1622353	68	10	518544	256992
ORDER	892	2	2202159	2604600	6	1	594337	79393
ORDER	893	1	875163	1407114	87	25	754122	133888
ORDER	894	3	1736960	2313522	62	11	189689	8823
ORDER	895	3	1571907	1864936	60	31	911596	69890
ORDER	896	7	3456000	3773563	40	14	796174	107929
ORDER	897	6	1258483	1994011	48	8	479652	200602
ORDER	898	4	293315	621235	78	3	885052	77752
ORDER	899	9	1106515	1696196	59	1	433821	17888
ORDER	900	3	1640673	1912176	83	6	380136	28027
ORDER	901	9	809133	1287229	51	22	263915	10686
ORDER	902	3	1778964	2085863	36	17	754298	10533
ORDER	903	2	0	311382	38	1	467806	9760
ORDER	904	1	109082	386682	78	18	653991	56012
ORDER	905	1	0	285052	94	21	450490	235819
ORDER	906	0	1382802	1733066	2	1	370997	68464
ORDER	907	5	1150584	1603436	75	34	403065	28252
ORDER	908	9	1748461	2052186	83	1	500958	134235
ORDER	909	1	488005	1166975	33	16	730983	96430
ORDER	910	5	647533	965433	95	15	525559	176690
ORDER	911	0	1324090	1628867	93	8	948949	88592
ORDER	912	1	1157400	1488479	89	14	138822	16244
ORDER	913	3	1203264	1660575	46	4	841964	94762
ORDER	914	0	1270526	1620389	31	15	656556	115556
ORDER	915	7	1997945	2386166	11	6	169882	22329
ORDER	916	1	450342	750435	81	39	141587	66587
ORDER	917	5	373011	641090	99	10	397793	132377
ORDER	918	4	878077	1505423	38	9	452001	265533
ORDER	919	8	2818298	3216117	95	9	573917	107310
ORDER	920	8	2731625	3205357	68	28	433506	110497
ORDER	921	0	2178388	2513372	83	1	177556	151487
ORDER	922	3	1671173	2255879	80	9	641796	55116
ORDER	923	8	2273745	2653212	94	36	122653	96296
ORDER	924	2	413307	781769	70	12	496779	296393
ORDER	925	1	267813	720258	29	3	394604	21682
ORDER	926	7	1224016	1609306	80	35	515448	156247
ORDER	927	2	61514	346910	74	3	520031	76946
ORDER	928	8	2118624	2797567	27	2	555383	112101
ORDER	929	4	1132577	1508575	96	18	375365	73581
ORDER	930	3	1280030	1632596	90	23	534869	56457
ORDER	931	3	2479527	2765661	9	3	876864	16460
ORDER	932	6	2342510	2606734	58	1	100000	134720
ORDER	933	9	0	455097	72	5	286174	21499
ORDER	934	3	1498291	2005571	8	3	261485	46414
ORDER	935	3	1456749	1789664	17	4	133831	48658
ORDER	936	3	1478785	1752705	64	16	526837	35766
ORDER	937	3	1478640	1901371	74	17	290136	90647
ORDER	938	8	3456000	3868712	28	13	736518	20202
ORDER	939	6	597613	880720	93	40	479982	111260
ORDER	940	5	561275	1178257	72	19	297036	14254
ORDER	941	7	2244959	2614996	88	44	639659	16280
ORDER	942	4	1365059	2084746	6	3	484236	157156
ORDER	943	7	1447965	1781162	49	7	568668	91030
ORDER	944	8	3456000	3744739	76	1	347072	14823
ORDER	945	2	764748	1048996	97	7	905933	49818
ORDER	946	2	507458	861485	10	3	472598	82405
ORDER	947	7	3036536	3381287	47	8	819852	146173
ORDER	948	2	673131	954157	65	5	338088	74608
ORDER	949	4	0	291981	14	1	304097	41264
ORDER	950	6	2715340	3249812	10	6	584248	289998
ORDER	951	8	3456000	3720785	73	33	764884	79125
ORDER	952	1	1270352	1668030	16	2	1000000	35168
ORDER	953	7	1360350	1622344	1	1	750030	22356
ORDER	954	4	888731	1186916	88	17	898936	73847
ORDER	955	2	425274	806269	22	8	676537	172937
ORDER	956	9	1727528	1996142	46	11	100000	25519
ORDER	957	7	532453	894498	13	6	800207	10893
ORDER	958	5	1624769	2031664	47	1	657474	175872
ORDER	959	0	715679	1029371	100	25	1000000	18549
ORDER	960	4	460306	768197	42	2	392688	51956
ORDER	961	7	2297708	2609195	94	15	857983	18955
ORDER	962	2	420919	888150	38	18	348964	18577
ORDER	963	1	723776	1131798	92	35	100000	172964
ORDER	964	5	738235	1006948	37	12	706481	46589
ORDER	965	2	1296301	1622356	94	7	977616	16741
ORDER	966	5	0	318223	10	3	540728	80867
ORDER	967	7	1485752	2305415	72	33	333128	27329
ORDER	968	6	2465146	2864023	18	7	531340	265633
ORDER	969	4	0	282077	25	9	100000	106383
ORDER	970	9	316399	644860	79	14	427704	65734
ORDER	971	5	310667	895450	8	1	706411	28912
ORDER	972	3	1496206	2048909	60	31	724579	86431
ORDER	973	0	1667106	2028552	13	1	667519	16149
ORDER	974	3	2809027	3369037	93	11	246641	38017
ORDER	975	9	275297	782966	82	17	392997	203063
ORDER	976	8	3456000	3740122	77	31	100000	364383
ORDER	977	6	906153	1307034	38	20	601221	57886
ORDER	978	5	996887	1345444	52	23	447400	48552
ORDER	979	2	1623695	1943173	9	1	636457	134755
ORDER	980	9	69221	928655	10	6	339386	47079
ORDER	981	2	1583647	1927572	71	13	623600	27683
ORDER	982	7	1321307	1597915	19	8	435913	168221
ORDER	983	6	1884627	2583800	20	1	294340	14810
ORDER	984	7	1533416	1840249	4	3	694664	101419
ORDER	985	7	1859387	2257124	8	1	372199	122594
ORDER	986	5	1308349	2033033	7	2	468798	133546
ORDER	987	9	186621	537633	32	3	836512	76386
ORDER	988	3	1556447	1912934	64	19	276175	32002
ORDER	989	1	399943	828647	89	44	100000	66481
ORDER	990	6	2067358	2375507	17	7	409003	87733
ORDER	991	5	0	263951	49	13	493959	48128
ORDER	992	0	1606023	1885388	66	5	571736	119715
ORDER	993	8	3456000	3741468	21	6	644598	445815
ORDER	994	5	837702	1303336	32	8	592060	175747
ORDER	995	5	27066	332164	78	33	742369	82091
ORDER	996	0	1602567	1889901	28	13	520808	185049
ORDER	997	9	1123185	1408692	70	12	413918	91743
ORDER	998	8	2966682	3466706	63	7	186530	33778
ORDER	999	2	622693	1247379	89	1	243022	78058
