HEADER	5	10	1000	30	182
MACHINE	0	184	104	0	1	2	3	4	5	7	8	14	15	21	22	28	29	35	36	42	43	49	50	56	57	58	63	64	68	70	71	77	78	84	85	91	92	97	98	99	100	101	102	103	104	105	106	112	113	119	120	124	125	126	127	128	129	130	131	132	133	134	140	141	147	148	154	155	161	162	168	169	172	173	174	175	176	177	178	179	180	181	182	183	188	189	190	196	197	203	204	210	211	217	218	224	225	231	232	234	235	236	237	238	239	245	246
MACHINE	1	36	67	2	9	16	23	29	30	31	32	33	34	37	44	51	55	56	57	58	59	60	61	65	72	76	79	86	93	100	104	107	114	121	128	131	135	142	149	156	163	166	167	168	170	177	184	191	198	205	208	209	210	211	212	213	214	215	216	217	219	226	233	235	236	237	238	240	247	248
MACHINE	2	212	104	3	4	10	11	17	18	24	25	31	32	38	39	45	46	52	53	55	59	60	66	67	71	72	73	74	75	76	77	78	79	80	81	87	88	90	91	92	94	95	101	102	108	109	115	116	121	122	123	124	125	126	129	130	136	137	143	144	150	151	157	158	164	165	171	172	174	175	176	177	178	179	180	181	182	183	185	186	187	188	192	193	199	200	206	207	213	214	220	221	227	228	232	233	234	235	236	237	238	239	240	241	242	248	249
MACHINE	3	227	58	2	9	15	16	23	30	37	44	51	58	61	65	72	79	86	93	100	105	106	107	108	109	110	111	114	121	122	128	135	142	149	156	163	170	171	172	173	174	177	184	191	192	198	205	212	219	220	221	226	233	240	243	244	245	246	247	248	249
MACHINE	4	254	89	5	6	12	13	16	17	18	19	20	26	27	33	34	40	41	47	48	54	55	61	62	68	69	70	71	72	73	74	75	76	77	82	83	89	90	96	97	103	104	110	111	117	118	119	124	125	131	132	135	136	137	138	139	145	146	152	153	159	160	166	167	172	173	174	175	176	177	180	181	187	188	191	194	195	201	202	208	209	214	215	216	222	223	229	230	236	237	243	244
BOM	0	1	5903	28828
BOM	0	2	16553	5732
BOM	0	3	18436	35179
BOM	0	4	34268	45387
BOM	1	0	9260	50854
BOM	1	2	29063	54845
BOM	1	3	6514	39845
BOM	1	4	5407	58357
BOM	2	1	4701	22766
BOM	2	2	6921	59641
BOM	3	0	3210	41722
BOM	4	1	31067	45585
BOM	4	2	9167	57160
BOM	4	3	20850	67948
BOM	4	4	114980	96872
BOM	5	0	7121	67065
BOM	5	1	32285	67530
BOM	5	3	63716	34987
BOM	6	0	3423	64588
BOM	6	1	51312	34241
BOM	6	4	8382	49827
BOM	7	4	23210	35306
BOM	8	1	6385	1000
BOM	8	2	13822	35226
BOM	8	3	136240	30156
BOM	9	0	27975	91702
BOM	9	1	74550	32212
BOM	9	2	34966	52275
BOM	9	3	5311	34871
BOM	9	4	4016	1000
COMBI	0	1	1	0	0
COMBI	0	1	3	12721	559906
COMBI	0	1	5	11601	132467
COMBI	0	1	6	2448	676212
COMBI	0	1	9	3293	392916
COMBI	0	3	1	16975	522239
COMBI	0	3	3	0	0
COMBI	0	3	5	1119	276285
COMBI	0	3	6	27424	470808
COMBI	0	3	9	12537	752209
COMBI	0	5	1	14450	641402
COMBI	0	5	3	2170	297041
COMBI	0	5	5	0	0
COMBI	0	5	6	38597	445084
COMBI	0	5	9	3852	130133
COMBI	0	6	1	13525	616133
COMBI	0	6	3	5396	231441
COMBI	0	6	5	25640	532276
COMBI	0	6	6	0	0
COMBI	0	6	9	12612	744161
COMBI	0	9	1	6202	301530
COMBI	0	9	3	16656	877678
COMBI	0	9	5	11273	785060
COMBI	0	9	6	23524	356548
COMBI	0	9	9	0	0
COMBI	1	0	0	0	0
COMBI	1	0	2	10036	796809
COMBI	1	0	4	8820	970141
COMBI	1	0	5	16284	289861
COMBI	1	0	6	1359	441646
COMBI	1	0	8	7538	377098
COMBI	1	0	9	2289	473041
COMBI	1	2	0	1110	474526
COMBI	1	2	2	0	0
COMBI	1	2	4	1907	626333
COMBI	1	2	5	1863	540509
COMBI	1	2	6	18417	574273
COMBI	1	2	8	16855	546117
COMBI	1	2	9	3846	308575
COMBI	1	4	0	4233	208237
COMBI	1	4	2	11141	679562
COMBI	1	4	4	0	0
COMBI	1	4	5	2892	463884
COMBI	1	4	6	29991	682551
COMBI	1	4	8	19502	387542
COMBI	1	4	9	7827	362357
COMBI	1	5	0	6065	843763
COMBI	1	5	2	4232	221035
COMBI	1	5	4	29225	1000000
COMBI	1	5	5	0	0
COMBI	1	5	6	11697	572848
COMBI	1	5	8	1052	471710
COMBI	1	5	9	3786	341438
COMBI	1	6	0	2507	377580
COMBI	1	6	2	9882	88565
COMBI	1	6	4	8579	522855
COMBI	1	6	5	1444	11454
COMBI	1	6	6	0	0
COMBI	1	6	8	13021	809292
COMBI	1	6	9	4378	347680
COMBI	1	8	0	18477	199145
COMBI	1	8	2	2096	289345
COMBI	1	8	4	1032	724411
COMBI	1	8	5	7006	662201
COMBI	1	8	6	9656	682574
COMBI	1	8	8	0	0
COMBI	1	8	9	30621	304296
COMBI	1	9	0	1708	1000000
COMBI	1	9	2	15126	572072
COMBI	1	9	4	8201	506533
COMBI	1	9	5	6911	309105
COMBI	1	9	6	6152	757837
COMBI	1	9	8	12310	561378
COMBI	1	9	9	0	0
COMBI	2	0	0	0	0
COMBI	2	0	1	7363	289007
COMBI	2	0	2	17986	810002
COMBI	2	0	4	2622	850497
COMBI	2	0	8	2435	641252
COMBI	2	0	9	3684	547320
COMBI	2	1	0	2322	679957
COMBI	2	1	1	0	0
COMBI	2	1	2	8548	647734
COMBI	2	1	4	22842	413532
COMBI	2	1	8	3674	391066
COMBI	2	1	9	8777	424693
COMBI	2	2	0	2497	909000
COMBI	2	2	1	25308	139250
COMBI	2	2	2	0	0
COMBI	2	2	4	13153	634983
COMBI	2	2	8	4658	141880
COMBI	2	2	9	6282	10000
COMBI	2	4	0	17276	560390
COMBI	2	4	1	6589	544944
COMBI	2	4	2	6441	351383
COMBI	2	4	4	0	0
COMBI	2	4	8	5266	847780
COMBI	2	4	9	11359	827470
COMBI	2	8	0	12230	392684
COMBI	2	8	1	1398	403443
COMBI	2	8	2	18221	693783
COMBI	2	8	4	7034	10000
COMBI	2	8	8	0	0
COMBI	2	8	9	3748	258613
COMBI	2	9	0	15191	644116
COMBI	2	9	1	4423	437191
COMBI	2	9	2	2261	392891
COMBI	2	9	4	14719	375562
COMBI	2	9	8	1118	136769
COMBI	2	9	9	0	0
COMBI	3	0	0	0	0
COMBI	3	0	1	3695	530216
COMBI	3	0	4	4533	455802
COMBI	3	0	5	6847	864595
COMBI	3	0	8	18159	352404
COMBI	3	0	9	9458	574777
COMBI	3	1	0	10249	175523
COMBI	3	1	1	0	0
COMBI	3	1	4	2749	662409
COMBI	3	1	5	2954	458854
COMBI	3	1	8	5342	811828
COMBI	3	1	9	18162	569611
COMBI	3	4	0	21942	421009
COMBI	3	4	1	10825	10000
COMBI	3	4	4	0	0
COMBI	3	4	5	3580	662728
COMBI	3	4	8	1874	579801
COMBI	3	4	9	1776	251708
COMBI	3	5	0	1169	500305
COMBI	3	5	1	7920	261845
COMBI	3	5	4	2895	705544
COMBI	3	5	5	0	0
COMBI	3	5	8	11255	16194
COMBI	3	5	9	4112	849077
COMBI	3	8	0	5753	879888
COMBI	3	8	1	10523	34964
COMBI	3	8	4	7409	811513
COMBI	3	8	5	6137	233748
COMBI	3	8	8	0	0
COMBI	3	8	9	8461	616094
COMBI	3	9	0	1814	537907
COMBI	3	9	1	20597	785100
COMBI	3	9	4	18663	397740
COMBI	3	9	5	6610	681078
COMBI	3	9	8	11291	507800
COMBI	3	9	9	0	0
COMBI	4	0	0	0	0
COMBI	4	0	1	22649	342905
COMBI	4	0	4	11249	625499
COMBI	4	0	6	8228	958203
COMBI	4	0	7	29249	873665
COMBI	4	0	9	22078	715070
COMBI	4	1	0	5538	419631
COMBI	4	1	1	0	0
COMBI	4	1	4	4706	521974
COMBI	4	1	6	15201	352190
COMBI	4	1	7	24061	177092
COMBI	4	1	9	25994	352055
COMBI	4	4	0	25722	503558
COMBI	4	4	1	5226	331461
COMBI	4	4	4	0	0
COMBI	4	4	6	11122	655849
COMBI	4	4	7	6092	654798
COMBI	4	4	9	6662	792044
COMBI	4	6	0	9284	442435
COMBI	4	6	1	13429	521122
COMBI	4	6	4	3933	573815
COMBI	4	6	6	0	0
COMBI	4	6	7	1966	453918
COMBI	4	6	9	7032	459157
COMBI	4	7	0	14583	880286
COMBI	4	7	1	8607	674152
COMBI	4	7	4	4170	332480
COMBI	4	7	6	7519	623979
COMBI	4	7	7	0	0
COMBI	4	7	9	35369	172432
COMBI	4	9	0	7987	10000
COMBI	4	9	1	10362	888152
COMBI	4	9	4	7980	407374
COMBI	4	9	6	19553	642463
COMBI	4	9	7	13757	542131
COMBI	4	9	9	0	0
ORDER	0	5	1103018	1393281	7	7	817880	84660
ORDER	1	0	2729801	3246464	35	35	818836	32136
ORDER	2	1	686285	994078	52	52	429993	61079
ORDER	3	9	243495	788212	13	13	557941	87902
ORDER	4	4	633960	1087945	10	10	248713	29904
ORDER	5	7	3301029	3636147	189	189	569566	83993
ORDER	6	6	2009849	2288796	28	28	133253	126070
ORDER	7	0	2019415	2425524	30	30	443690	127701
ORDER	8	6	2306506	2601087	26	26	352749	37116
ORDER	9	4	3119440	3451628	30	30	392020	281467
ORDER	10	9	1590976	1929472	34	34	414900	146922
ORDER	11	2	2107742	2477704	36	36	177354	166963
ORDER	12	0	2655904	2990365	3	3	267230	70723
ORDER	13	8	1700640	2350682	23	23	875214	42724
ORDER	14	2	38212	354985	35	35	100000	68984
ORDER	15	4	1878709	3300510	12	12	163280	143791
ORDER	16	1	1674807	2147071	86	86	203772	222111
ORDER	17	7	754417	1154931	53	53	451457	18724
ORDER	18	2	1179352	1556912	6	6	100000	37467
ORDER	19	6	3446233	3737113	35	35	1000000	112218
ORDER	20	6	108893	369915	17	17	390863	111947
ORDER	21	7	1878394	2153925	70	70	439733	16078
ORDER	22	2	842642	1128902	27	27	324509	67666
ORDER	23	9	887116	1230691	15	15	634115	23174
ORDER	24	7	1773233	2425871	218	218	756486	77349
ORDER	25	1	3116825	3500688	128	128	1000000	47945
ORDER	26	6	1017620	1282823	3	3	746355	151843
ORDER	27	2	3321434	3723038	30	30	518234	44378
ORDER	28	0	1690380	2043036	22	22	760964	104382
ORDER	29	4	3401097	3777229	5	5	527921	12132
ORDER	30	5	527396	839177	31	31	625118	40346
ORDER	31	0	971404	1251659	19	19	1000000	68309
ORDER	32	8	2491781	2820837	33	33	504539	69944
ORDER	33	8	2904402	3573107	19	19	290127	44751
ORDER	34	9	272712	727050	35	35	492305	74536
ORDER	35	1	1272650	1579989	123	123	498189	195691
ORDER	36	2	380003	870063	21	21	103724	55747
ORDER	37	4	3225542	3664922	20	20	341288	91593
ORDER	38	0	3078711	3530886	7	7	306103	88815
ORDER	39	9	1007018	1490960	25	25	702483	118756
ORDER	40	8	1727527	2058130	8	8	424029	182279
ORDER	41	2	2593499	3066046	8	8	503842	127006
ORDER	42	6	542800	888395	7	7	655763	63158
ORDER	43	2	2219933	2590771	25	25	439155	75489
ORDER	44	9	113029	444514	8	8	899695	17154
ORDER	45	9	314808	663063	13	13	417377	22957
ORDER	46	6	1545450	1820066	20	20	477317	48506
ORDER	47	6	495564	765227	2	2	688639	110435
ORDER	48	0	1541074	1861892	22	22	435996	28377
ORDER	49	9	1016024	1377798	2	2	494646	13272
ORDER	50	1	2383616	2689186	70	70	698074	136467
ORDER	51	9	944038	1283569	36	36	386197	137518
ORDER	52	1	529302	882494	41	41	834443	81220
ORDER	53	4	1909524	2348739	20	20	517014	134695
ORDER	54	2	1316164	1633277	24	24	281327	68191
ORDER	55	6	1928167	2269007	18	18	460691	36186
ORDER	56	0	2363120	2692008	36	36	753275	8890
ORDER	57	5	365168	703152	1	1	471197	98661
ORDER	58	7	2663474	3146597	104	104	397955	119537
ORDER	59	7	1564621	1843200	103	103	602915	232248
ORDER	60	6	991357	1261861	24	24	822059	51797
ORDER	61	3	2239214	3003072	69	69	932543	21968
ORDER	62	3	50183	487537	81	81	696777	27516
ORDER	63	5	3249131	3529547	6	6	231196	32627
ORDER	64	8	2184226	2516346	16	16	1000000	24275
ORDER	65	6	2868042	3192639	13	13	498788	43089
ORDER	66	2	786628	1689929	3	3	656901	9979
ORDER	67	4	2038098	2392792	34	34	793320	47802
ORDER	68	4	821152	1138161	34	34	437992	432579
ORDER	69	3	2331832	2688648	114	114	609760	89748
ORDER	70	1	2898422	3163224	95	95	100000	16171
ORDER	71	7	917989	1182181	226	226	529458	67450
ORDER	72	8	604171	1063027	19	19	100000	147515
ORDER	73	1	1069509	1805117	74	74	529795	15238
ORDER	74	5	22815	411877	1	1	100000	11169
ORDER	75	3	2453461	2877925	170	170	276121	10702
ORDER	76	9	2006149	2274053	2	2	100000	16922
ORDER	77	3	553397	897239	69	69	313182	26078
ORDER	78	3	2165765	2774498	54	54	560014	56555
ORDER	79	5	1768232	2101346	25	25	694673	30991
ORDER	80	1	1125744	1442827	17	17	496416	29479
ORDER	81	2	2743776	3343644	9	9	709350	93674
ORDER	82	6	131147	792615	14	14	328717	31739
ORDER	83	3	3267352	3563377	75	75	164173	13289
ORDER	84	1	360100	902513	52	52	861003	51802
ORDER	85	0	2075940	2456088	30	30	1000000	78510
ORDER	86	2	3268416	3780741	14	14	566995	50714
ORDER	87	9	2364109	2650302	7	7	535701	66367
ORDER	88	5	1689727	2452216	8	8	587627	53901
ORDER	89	9	1779195	2198308	2	2	721047	86614
ORDER	90	4	637201	916975	34	34	267047	48016
ORDER	91	0	675125	1535103	11	11	636830	56264
ORDER	92	3	948291	1233996	68	68	194054	34360
ORDER	93	1	1192754	1531073	114	114	648148	125649
ORDER	94	4	2483250	3480144	17	17	513213	51924
ORDER	95	0	885860	1156705	1	1	535525	148166
ORDER	96	9	3209441	3580437	34	34	211178	289455
ORDER	97	4	1570214	1893773	5	5	479872	34288
ORDER	98	6	3398677	3714874	35	35	613965	98719
ORDER	99	7	2346119	2617993	33	33	513014	117535
ORDER	100	0	3336758	3630212	22	22	865241	37490
ORDER	101	4	2976862	3369013	9	9	471362	14088
ORDER	102	0	1183617	1447108	2	2	952570	40452
ORDER	103	4	1624967	2057579	24	24	582486	274642
ORDER	104	4	2764771	3082745	34	34	750880	79013
ORDER	105	1	881501	1212525	161	161	254268	100657
ORDER	106	6	810920	1145885	19	19	410095	125356
ORDER	107	8	2194236	2676109	5	5	232502	247197
ORDER	108	3	1162550	1957632	176	176	963976	226443
ORDER	109	4	217784	511491	4	4	706168	42491
ORDER	110	0	2570650	3006756	20	20	877306	48082
ORDER	111	5	2228381	2562160	19	19	1000000	123085
ORDER	112	9	2157150	2426619	13	13	570887	30804
ORDER	113	8	96420	485151	36	36	776379	51406
ORDER	114	9	3211775	3835305	25	25	942831	39804
ORDER	115	2	3220079	3542523	14	14	620963	77254
ORDER	116	1	812783	1274197	180	180	273148	76449
ORDER	117	8	1689745	2096019	23	23	516049	30572
ORDER	118	7	604909	877696	95	95	860776	18609
ORDER	119	9	2760020	3108401	20	20	388167	26794
ORDER	120	2	311965	578788	26	26	107116	23276
ORDER	121	4	760987	1224169	29	29	398542	50789
ORDER	122	9	507963	838813	5	5	465259	112696
ORDER	123	1	2683934	3497098	38	38	414387	35312
ORDER	124	7	2142504	2460046	129	129	100000	130926
ORDER	125	2	2304361	2582259	12	12	457976	33171
ORDER	126	5	1775663	2224424	23	23	680521	141034
ORDER	127	1	1902780	2729079	181	181	693980	10769
ORDER	128	6	1878440	2139612	13	13	594390	46944
ORDER	129	4	32774	589712	6	6	551413	25500
ORDER	130	4	402370	724039	15	15	657053	41400
ORDER	131	5	2894905	3294032	6	6	265072	18042
ORDER	132	8	669117	947912	23	23	499434	50661
ORDER	133	6	1034192	1488517	35	35	230535	200411
ORDER	134	6	2234604	2884852	24	24	818347	32750
ORDER	135	5	2488340	2754267	17	17	210739	32157
ORDER	136	4	1997363	2448076	8	8	233383	291410
ORDER	137	0	2915305	3536893	24	24	459595	184088
ORDER	138	3	1626576	2068696	93	93	233745	124345
ORDER	139	6	501268	795563	23	23	100000	133582
ORDER	140	0	2068456	2516678	4	4	620875	64134
ORDER	141	7	3014099	3399043	81	81	100000	72810
ORDER	142	9	216120	616241	31	31	482796	296610
ORDER	143	5	3190330	3716865	22	22	426993	49580
ORDER	144	6	871708	1151405	12	12	476181	89600
ORDER	145	7	633380	903094	65	65	443270	16384
ORDER	146	1	1033684	1548447	38	38	407342	20773
ORDER	147	4	157832	510939	25	25	687055	34067
ORDER	148	9	1717219	2102082	12	12	496306	26846
ORDER	149	9	74270	333612	12	12	631333	71970
ORDER	150	6	2937439	3406062	18	18	488088	19137
ORDER	151	4	1593780	2157863	34	34	863616	19081
ORDER	152	0	1501420	2060868	11	11	433108	68496
ORDER	153	1	2967036	3634025	100	100	100000	178256
ORDER	154	7	3315170	3895846	88	88	559416	33387
ORDER	155	6	1666310	1962759	28	28	100000	34427
ORDER	156	5	2812310	3082387	22	22	391410	227799
ORDER	157	6	2569348	3063283	4	4	533318	159344
ORDER	158	2	2895522	3165743	12	12	760820	98990
ORDER	159	7	3041372	3474926	187	187	386993	204538
ORDER	160	1	2151321	2518319	100	100	107238	424993
ORDER	161	9	1813346	2260709	21	21	351381	15820
ORDER	162	6	1598174	2143963	14	14	292851	39395
ORDER	163	4	97046	499304	23	23	282173	11134
ORDER	164	7	273275	562673	21	21	140126	63700
ORDER	165	6	2104157	2406157	23	23	834052	18348
ORDER	166	5	2911336	3266169	14	14	402493	299974
ORDER	167	8	3349996	3834507	33	33	678686	279800
ORDER	168	7	798837	1833210	159	159	716034	56609
ORDER	169	2	1396683	1658519	4	4	739993	17552
ORDER	170	4	1024414	1361614	14	14	747811	90404
ORDER	171	6	2423813	2742065	2	2	422733	102929
ORDER	172	3	2836811	3266073	36	36	100000	103352
ORDER	173	6	1870496	2492728	12	12	376198	11670
ORDER	174	6	179394	771404	30	30	229078	36970
ORDER	175	0	1477003	2180286	13	13	916131	279113
ORDER	176	7	44148	381319	168	168	404509	15568
ORDER	177	3	1555444	2177965	55	55	839162	20004
ORDER	178	5	766773	1029688	9	9	240367	199183
ORDER	179	4	2747332	3020512	34	34	321188	43360
ORDER	180	9	1529086	1834010	17	17	550906	195680
ORDER	181	6	2998423	3451999	15	15	515301	43610
ORDER	182	5	897134	1211611	24	24	673522	44833
ORDER	183	8	2279751	2542822	11	11	917845	61681
ORDER	184	2	2228189	2613354	18	18	506196	17254
ORDER	185	0	1091421	1386738	12	12	517600	27598
ORDER	186	9	843160	1160375	4	4	529706	11683
ORDER	187	6	2378444	2667509	19	19	471666	56198
ORDER	188	6	1749289	2160576	4	4	269138	156041
ORDER	189	6	2128102	2823166	6	6	749377	24870
ORDER	190	3	3102749	3459492	134	134	272806	329509
ORDER	191	8	964974	1310532	22	22	654243	66099
ORDER	192	9	2694443	3455986	4	4	337130	78207
ORDER	193	5	2608272	2905615	18	18	412261	271703
ORDER	194	8	857586	1192669	29	29	299103	297735
ORDER	195	7	768360	1039489	51	51	641974	49616
ORDER	196	1	1013383	1516761	28	28	463188	12059
ORDER	197	3	2161945	2697567	98	98	396877	20097
ORDER	198	3	2077086	2367861	58	58	403815	111457
ORDER	199	0	723336	1014941	35	35	839866	167176
ORDER	200	7	2395496	2680077	26	26	194492	19114
ORDER	201	3	601678	953375	30	30	100000	17180
ORDER	202	7	1044703	1349775	13	13	250682	354013
ORDER	203	6	544546	1538954	1	1	260643	81312
ORDER	204	9	2961483	3221694	10	10	231001	44053
ORDER	205	6	1208607	1482082	15	15	755593	27186
ORDER	206	7	3321914	3669104	85	85	331192	24433
ORDER	207	6	2451478	2888664	28	28	369278	18427
ORDER	208	9	42991	453337	34	34	405996	51550
ORDER	209	8	1444584	1757571	22	22	610480	51395
ORDER	210	2	2961893	4068509	15	15	304042	20450
ORDER	211	7	1324978	1658326	232	232	640147	12919
ORDER	212	2	1941648	2225500	17	17	188155	59330
ORDER	213	8	1658554	2232520	35	35	698420	19724
ORDER	214	1	1890161	2182807	100	100	358141	57133
ORDER	215	6	1734832	2041704	27	27	875495	57117
ORDER	216	9	611477	1068688	27	27	472597	21286
ORDER	217	0	1575868	1867179	10	10	100000	10481
ORDER	218	3	73867	389573	39	39	671838	133158
ORDER	219	5	1708965	2087935	6	6	872675	12301
ORDER	220	5	964943	1569236	18	18	244278	180246
ORDER	221	5	1249753	1731473	8	8	1000000	21126
ORDER	222	9	1477237	1768984	4	4	100000	33935
ORDER	223	8	2284999	2596294	25	25	423090	82137
ORDER	224	5	2666936	3094838	32	32	669123	32619
ORDER	225	5	1281289	1698279	8	8	792385	57693
ORDER	226	1	1658007	2020626	83	83	710069	17772
ORDER	227	0	613032	1156124	11	11	667332	15697
ORDER	228	6	1986167	2332675	21	21	548002	201045
ORDER	229	8	1053313	1437853	35	35	469398	11754
ORDER	230	6	1620	427795	26	26	572473	10161
ORDER	231	6	1537743	1842730	11	11	523990	33763
ORDER	232	7	2660627	2935506	243	243	100000	88644
ORDER	233	6	1327151	2116058	13	13	973180	18074
ORDER	234	1	455691	761844	110	110	729997	62051
ORDER	235	6	491984	883660	9	9	217592	23902
ORDER	236	9	1969726	2243945	6	6	635858	45532
ORDER	237	3	2385800	2648967	111	111	486297	28079
ORDER	238	3	1904560	2309719	102	102	268781	26672
ORDER	239	7	2193393	2503245	234	234	909848	109955
ORDER	240	4	1912455	2212874	31	31	371305	30531
ORDER	241	4	2475613	2738057	14	14	210750	122560
ORDER	242	5	3128015	4149795	31	31	824386	11350
ORDER	243	6	1454582	1725220	12	12	757176	32489
ORDER	244	3	2007287	2269933	84	84	389938	48020
ORDER	245	2	1996440	2369958	23	23	286616	13708
ORDER	246	7	1336338	1686833	212	212	213700	86901
ORDER	247	8	2100117	2427657	7	7	160822	101559
ORDER	248	8	611674	892492	7	7	768854	60050
ORDER	249	6	1628069	1906243	18	18	694846	345618
ORDER	250	9	725728	1424796	11	11	377154	185005
ORDER	251	1	855594	1435153	25	25	305651	50657
ORDER	252	7	1717110	2292141	84	84	425285	45452
ORDER	253	8	2251563	2610544	16	16	781107	71005
ORDER	254	0	607821	936690	10	10	383973	108946
ORDER	255	6	447393	750922	3	3	296745	12127
ORDER	256	3	1283260	1609004	37	37	418895	72419
ORDER	257	4	1465362	1855520	11	11	428111	57538
ORDER	258	9	1819617	2142031	10	10	100000	72609
ORDER	259	4	1530525	1894363	10	10	100000	114356
ORDER	260	1	813498	1159522	66	66	461224	55272
ORDER	261	6	104139	402981	29	29	723891	115729
ORDER	262	5	782739	1093143	24	24	385877	79170
ORDER	263	3	1271861	1954364	1	1	822744	39827
ORDER	264	9	2490243	2974912	6	6	871958	46347
ORDER	265	4	683249	985572	28	28	735549	32147
ORDER	266	8	3142229	3423144	11	11	325472	47674
ORDER	267	2	1655046	1924296	24	24	301498	58457
ORDER	268	9	2891288	3224624	33	33	724097	92532
ORDER	269	3	1296392	1653458	18	18	246766	49568
ORDER	270	2	2845973	3185514	36	36	273999	201565
ORDER	271	1	2076159	2357137	90	90	740658	85567
ORDER	272	7	2509660	2932456	81	81	453613	12084
ORDER	273	9	1757695	2493676	2	2	1000000	12107
ORDER	274	3	2476652	2915212	77	77	618945	99959
ORDER	275	5	2120609	2409180	4	4	399481	222229
ORDER	276	3	2740405	3103148	88	88	482122	13930
ORDER	277	7	2800096	3098980	110	110	693281	21820
ORDER	278	6	1062464	1733889	35	35	194735	14824
ORDER	279	6	255161	568026	3	3	784003	20078
ORDER	280	7	755089	1035678	179	179	577009	8745
ORDER	281	4	530523	981837	5	5	254554	35881
ORDER	282	3	1016000	1683908	32	32	769351	22457
ORDER	283	7	469733	1105139	224	224	457040	28761
ORDER	284	4	1995955	2359836	33	33	310567	44050
ORDER	285	9	2213809	2518957	5	5	125687	37856
ORDER	286	0	471355	735519	33	33	703470	76017
ORDER	287	4	952343	1431263	21	21	670778	98258
ORDER	288	8	1806321	2135703	12	12	679719	16068
ORDER	289	5	3432189	3902901	3	3	616449	102588
ORDER	290	9	1475237	1872062	20	20	654955	65808
ORDER	291	8	1419701	1801981	3	3	710812	171754
ORDER	292	2	1668847	2029020	8	8	442504	168583
ORDER	293	7	671259	936101	50	50	555636	30349
ORDER	294	1	2431656	2752355	35	35	184439	72619
ORDER	295	2	2797762	3079359	30	30	295088	159721
ORDER	296	2	3102353	3413992	19	19	682480	96033
ORDER	297	2	2449763	2778321	28	28	423125	15240
ORDER	298	5	1702704	1988659	28	28	522166	37524
ORDER	299	9	2482576	3042916	35	35	863919	96740
ORDER	300	4	2476798	2900579	28	28	220183	18212
ORDER	301	1	2945828	3258963	13	13	147960	40983
ORDER	302	6	2167350	2427868	24	24	100000	93915
ORDER	303	0	2391844	3160460	4	4	287613	181032
ORDER	304	3	1804154	2330193	70	70	763547	108228
ORDER	305	2	3242753	3510839	32	32	475769	161520
ORDER	306	0	409355	1016631	16	16	472171	16380
ORDER	307	1	3345295	3648612	177	177	507880	164110
ORDER	308	3	2073273	2379807	18	18	854589	76694
ORDER	309	8	1212453	1495311	26	26	320885	75895
ORDER	310	9	1278576	1817951	10	10	812070	97235
ORDER	311	2	3195136	3625735	34	34	731109	9262
ORDER	312	7	50886	581655	207	207	964363	92462
ORDER	313	7	1499302	1769199	75	75	415906	53522
ORDER	314	2	1005661	1374647	15	15	554610	116237
ORDER	315	8	2800803	3168936	31	31	486386	147967
ORDER	316	5	1648229	2005852	25	25	320956	9032
ORDER	317	4	236867	537601	15	15	634127	84001
ORDER	318	4	2572023	3204699	24	24	204755	32838
ORDER	319	3	971344	1504818	147	147	206635	141471
ORDER	320	9	2117894	2838557	16	16	443094	70594
ORDER	321	3	3312195	3605069	125	125	437271	46841
ORDER	322	7	470638	918800	125	125	692326	71784
ORDER	323	9	2985661	3358629	1	1	837845	151145
ORDER	324	5	1458907	1824960	22	22	610008	19952
ORDER	325	0	2051713	2393264	34	34	522632	37017
ORDER	326	5	1538306	1967174	8	8	770166	48149
ORDER	327	8	641597	1082999	22	22	523385	82077
ORDER	328	2	1158086	1430670	16	16	517506	84185
ORDER	329	8	2430495	2869576	29	29	493009	166076
ORDER	330	6	1906632	2312995	2	2	886845	86198
ORDER	331	6	508727	792414	9	9	627842	168007
ORDER	332	5	2775919	3190396	21	21	120738	51098
ORDER	333	6	35824	429838	13	13	525838	32716
ORDER	334	0	376706	639226	30	30	323699	73611
ORDER	335	1	1142197	1450904	2	2	678738	35926
ORDER	336	3	3116303	3392063	156	156	120118	16715
ORDER	337	6	2726384	3028284	17	17	456027	504631
ORDER	338	2	102503	461207	16	16	557149	15052
ORDER	339	1	788619	1120784	80	80	696268	45870
ORDER	340	9	661607	1080303	24	24	300436	16627
ORDER	341	5	2877845	3264954	14	14	335734	44287
ORDER	342	4	2647926	2922368	33	33	314342	23305
ORDER	343	7	618814	905865	133	133	614282	120216
ORDER	344	5	1076548	1449688	34	34	251242	171523
ORDER	345	4	3070758	3797553	5	5	357617	24415
ORDER	346	2	2853932	3201704	6	6	556003	56212
ORDER	347	2	570940	839144	4	4	612466	191568
ORDER	348	3	1698010	2006391	75	75	814297	14456
ORDER	349	7	2244654	2598999	202	202	624513	352744
ORDER	350	1	1830079	2092499	173	173	326886	58741
ORDER	351	5	1058154	1326829	25	25	347387	301817
ORDER	352	6	2261675	2709435	9	9	495038	24297
ORDER	353	3	2983844	3332851	2	2	660258	81868
ORDER	354	7	2803138	3072407	122	122	314912	77199
ORDER	355	0	1657620	2087936	34	34	578291	77810
ORDER	356	8	1733877	2011557	27	27	776006	77729
ORDER	357	7	1781084	2064638	179	179	938571	140404
ORDER	358	2	424743	838342	19	19	859317	121055
ORDER	359	2	3146333	3835756	28	28	207882	80349
ORDER	360	8	1085055	1391437	8	8	768478	10670
ORDER	361	0	1441816	1820167	5	5	548074	93922
ORDER	362	0	1737964	2500639	17	17	331991	30027
ORDER	363	3	3091980	3688549	125	125	144296	25623
ORDER	364	4	1354543	1759350	36	36	670080	136530
ORDER	365	8	3060492	3457235	21	21	681703	105162
ORDER	366	8	836071	1210548	23	23	598378	278707
ORDER	367	7	2374282	2989566	164	164	100000	14953
ORDER	368	6	2714791	3142224	34	34	549913	176769
ORDER	369	7	773844	1073124	221	221	192783	31251
ORDER	370	6	3197842	3481876	22	22	456582	234680
ORDER	371	8	1474968	1881966	22	22	640697	91567
ORDER	372	5	598409	898096	9	9	784386	40669
ORDER	373	1	1217003	1794410	90	90	631958	124386
ORDER	374	9	398983	859972	3	3	346877	68205
ORDER	375	7	663601	1195475	133	133	603361	56411
ORDER	376	6	2946592	3464145	30	30	632450	96681
ORDER	377	4	170019	518683	23	23	745589	83858
ORDER	378	7	3381373	3665918	230	230	300598	9308
ORDER	379	3	2861316	3170645	83	83	524781	67456
ORDER	380	3	1873789	2217789	145	145	235369	14155
ORDER	381	2	1031107	1470600	20	20	164067	135047
ORDER	382	1	1745159	2030814	54	54	442878	52230
ORDER	383	7	585497	894678	98	98	486563	75551
ORDER	384	0	114680	564107	6	6	473221	145221
ORDER	385	2	914532	1289934	14	14	681476	19882
ORDER	386	2	2144988	2696876	13	13	1000000	120934
ORDER	387	5	2544643	2899943	35	35	423119	108088
ORDER	388	0	880465	1280214	20	20	419367	126086
ORDER	389	5	776707	1078490	28	28	811828	60513
ORDER	390	0	1606990	2059165	15	15	404569	47347
ORDER	391	1	2874824	3164075	132	132	100000	37772
ORDER	392	2	1004544	1511667	1	1	498149	142868
ORDER	393	1	2854849	3228648	171	171	727239	53288
ORDER	394	6	2386482	2701929	36	36	567345	15090
ORDER	395	4	2735067	3323244	5	5	479939	38031
ORDER	396	5	211708	497905	13	13	194064	138038
ORDER	397	9	26781	675703	31	31	973754	26312
ORDER	398	1	1227654	1771483	41	41	847686	153948
ORDER	399	7	3085500	3457826	7	7	460498	12563
ORDER	400	9	3018000	3550768	8	8	244643	16840
ORDER	401	5	3393018	3823973	33	33	150900	72258
ORDER	402	0	693699	1347673	2	2	719922	17906
ORDER	403	1	1537840	2036735	74	74	212269	60465
ORDER	404	5	1648446	1932306	20	20	234701	9610
ORDER	405	6	2151545	2506401	27	27	487141	186015
ORDER	406	8	636951	911860	14	14	508629	127713
ORDER	407	1	3446512	3901986	2	2	673688	83196
ORDER	408	7	42876	470810	77	77	541499	15394
ORDER	409	7	1616073	2064970	65	65	279133	15611
ORDER	410	1	3235821	3500897	87	87	198338	84076
ORDER	411	4	526510	822066	31	31	607086	56559
ORDER	412	6	332908	682073	33	33	531960	20329
ORDER	413	5	2442487	2779645	21	21	302419	50597
ORDER	414	1	1683036	2089018	80	80	480220	53030
ORDER	415	8	909014	1810279	33	33	644919	182050
ORDER	416	5	619275	899592	9	9	228613	73296
ORDER	417	1	1778921	2045785	104	104	846920	33002
ORDER	418	9	391810	728417	31	31	371914	115749
ORDER	419	0	2700376	2975038	18	18	727820	35936
ORDER	420	7	83880	500175	252	252	104013	106786
ORDER	421	6	2451669	2794187	18	18	379259	51546
ORDER	422	9	1240024	1721584	3	3	460623	12301
ORDER	423	6	3245639	3979333	12	12	472695	79029
ORDER	424	0	2180194	2670064	1	1	925663	92113
ORDER	425	8	1219082	1508489	26	26	380152	27541
ORDER	426	8	1326811	1685312	19	19	727120	95254
ORDER	427	8	332813	613215	26	26	1000000	73376
ORDER	428	6	2779248	3352374	22	22	100000	357031
ORDER	429	3	104114	371926	150	150	219750	47411
ORDER	430	8	2677286	2949117	32	32	366919	12480
ORDER	431	9	2738484	3447133	34	34	518378	21271
ORDER	432	0	948568	1211887	24	24	778712	89421
ORDER	433	2	3120870	3512987	3	3	516121	114732
ORDER	434	5	248204	522488	6	6	385183	18131
ORDER	435	9	1938311	2286674	13	13	551952	23425
ORDER	436	6	2078527	2511917	10	10	386626	77365
ORDER	437	0	2766257	3025659	25	25	925584	154806
ORDER	438	9	1349597	1780679	20	20	200313	81898
ORDER	439	3	1278217	1560208	170	170	365227	27301
ORDER	440	2	2977089	3671228	29	29	395476	611548
ORDER	441	4	1006950	1366724	2	2	645254	202291
ORDER	442	1	1537367	1887207	130	130	744292	67380
ORDER	443	7	2365725	2754790	48	48	722184	36243
ORDER	444	8	659882	1226526	18	18	667205	63394
ORDER	445	9	407687	699127	24	24	464687	115434
ORDER	446	5	1668637	1956487	24	24	100000	8675
ORDER	447	8	2313416	2674988	20	20	700271	56617
ORDER	448	5	3032684	3297497	9	9	588574	9576
ORDER	449	0	2374134	2778031	23	23	587772	31027
ORDER	450	8	3140985	3443113	12	12	470025	257178
ORDER	451	6	3216920	3615297	22	22	645233	94386
ORDER	452	4	1830514	2220327	7	7	379414	18908
ORDER	453	5	861168	1174460	13	13	557860	101378
ORDER	454	5	1722275	2443353	25	25	663999	167095
ORDER	455	5	3273529	3700543	34	34	282295	47374
ORDER	456	3	2565098	2903385	151	151	193300	75907
ORDER	457	9	762258	1032443	13	13	725167	13944
ORDER	458	4	2857618	3371855	35	35	330217	21320
ORDER	459	4	3302707	3673850	23	23	619966	147905
ORDER	460	7	877465	1211996	218	218	393251	457747
ORDER	461	0	43357	367273	7	7	137311	36283
ORDER	462	1	2446669	3103592	156	156	804588	87054
ORDER	463	8	771557	1218032	17	17	648165	243822
ORDER	464	2	610069	894060	21	21	966613	160329
ORDER	465	3	3147032	3497420	137	137	539326	63369
ORDER	466	9	83298	376995	8	8	555429	161862
ORDER	467	4	403282	764734	5	5	251499	93452
ORDER	468	1	1798716	2399925	48	48	100000	15956
ORDER	469	9	832719	1220164	31	31	100000	193826
ORDER	470	0	2541704	3041809	34	34	347345	324570
ORDER	471	0	1081700	1458174	26	26	519384	17530
ORDER	472	1	2781659	3112329	177	177	448761	105152
ORDER	473	6	2532361	3042770	36	36	492439	100237
ORDER	474	6	3226608	3572289	16	16	672908	75366
ORDER	475	7	2567945	3124003	60	60	404061	24478
ORDER	476	6	2031608	2367631	2	2	100000	39318
ORDER	477	8	1597377	1913939	17	17	493355	127522
ORDER	478	0	1145135	1705487	2	2	637589	49583
ORDER	479	1	3067989	3945966	40	40	430104	43717
ORDER	480	3	2426770	2748665	100	100	398019	27087
ORDER	481	5	3021403	3359668	6	6	100000	85289
ORDER	482	6	2560997	2908369	4	4	451853	77666
ORDER	483	3	2124221	2453165	8	8	100000	96412
ORDER	484	7	882394	1149500	4	4	619269	14499
ORDER	485	1	2201399	2476806	163	163	547370	143073
ORDER	486	3	821226	1210619	78	78	693303	118599
ORDER	487	3	46362	483577	67	67	339024	80228
ORDER	488	0	185467	586692	35	35	991974	57301
ORDER	489	5	2172310	2454935	17	17	560710	36008
ORDER	490	8	1209962	1493759	10	10	1000000	33840
ORDER	491	7	3113413	3508228	143	143	744867	141978
ORDER	492	9	1528528	1879674	21	21	728717	37402
ORDER	493	9	3058629	3366268	22	22	542166	79629
ORDER	494	9	969279	1228687	6	6	743503	157003
ORDER	495	1	747989	1055312	103	103	902629	15098
ORDER	496	4	2994201	3273367	21	21	459611	174614
ORDER	497	5	2974723	3503714	35	35	351534	58574
ORDER	498	0	2190790	2513484	15	15	642772	173714
ORDER	499	2	2567021	2866361	30	30	420041	64709
ORDER	500	3	23394	293759	87	87	443334	120429
ORDER	501	7	891250	1341885	26	26	671803	138204
ORDER	502	1	200000	653009	183	183	704053	160833
ORDER	503	8	1645376	2195730	25	25	572659	142652
ORDER	504	1	3345844	3621277	90	90	433871	23605
ORDER	505	7	3443278	3728007	192	192	612517	24868
ORDER	506	2	3031510	3677679	5	5	619516	278335
ORDER	507	5	2395631	2796733	34	34	709351	28343
ORDER	508	6	2488847	3244811	12	12	371552	84379
ORDER	509	8	860500	1500063	31	31	840608	59449
ORDER	510	6	3423597	3889434	7	7	323503	81314
ORDER	511	6	799699	1145887	10	10	157647	130876
ORDER	512	5	492226	814663	20	20	291487	117112
ORDER	513	0	330566	712487	23	23	453500	65223
ORDER	514	9	3158828	3452780	5	5	252982	195357
ORDER	515	3	1965363	2280312	108	108	568324	49415
ORDER	516	0	2082771	2377549	27	27	754221	104654
ORDER	517	9	467700	1025738	14	14	692763	29996
ORDER	518	5	1171003	1439302	9	9	355267	34051
ORDER	519	7	3332060	3717439	36	36	519945	239803
ORDER	520	6	218168	615832	19	19	592537	53573
ORDER	521	9	418305	691595	10	10	1000000	17429
ORDER	522	7	971560	1257128	229	229	508284	469030
ORDER	523	9	2968072	3397730	11	11	497370	135183
ORDER	524	0	1681159	1980645	35	35	251837	15266
ORDER	525	4	631344	1058636	15	15	379347	80531
ORDER	526	7	2568411	3161646	14	14	567063	30728
ORDER	527	5	1809983	2168319	11	11	565395	58947
ORDER	528	6	734167	1056306	14	14	450898	15698
ORDER	529	6	2388732	3056317	5	5	669684	55169
ORDER	530	5	2953135	3294916	36	36	226100	29951
ORDER	531	4	1391119	2348505	21	21	237764	112387
ORDER	532	4	213493	513328	9	9	100000	18556
ORDER	533	9	516266	878885	3	3	100000	74310
ORDER	534	6	2779659	3415695	15	15	757474	33102
ORDER	535	7	2283090	2598393	88	88	472716	16753
ORDER	536	1	2374679	2663724	12	12	610760	53867
ORDER	537	7	388263	848210	150	150	356837	154834
ORDER	538	2	1384790	1714343	14	14	698678	69503
ORDER	539	7	3102804	3495553	76	76	435620	258086
ORDER	540	5	1275733	1588705	20	20	812645	132617
ORDER	541	8	3175189	3564853	29	29	970982	153966
ORDER	542	5	330549	920772	7	7	326448	51979
ORDER	543	9	1303296	1585367	20	20	505434	96034
ORDER	544	9	1621495	1906576	17	17	178337	118714
ORDER	545	6	2856120	3186546	6	6	684152	132563
ORDER	546	2	150473	511001	4	4	350366	419835
ORDER	547	6	807986	1169201	13	13	836944	73820
ORDER	548	9	1317542	1961987	19	19	523609	102409
ORDER	549	2	1197622	1706348	7	7	601612	155003
ORDER	550	5	1765248	2176840	26	26	430287	82819
ORDER	551	4	2826926	3636698	1	1	624049	9575
ORDER	552	9	2376560	2759411	11	11	102104	22430
ORDER	553	4	519824	812223	1	1	245182	90877
ORDER	554	2	319985	912610	33	33	223957	95471
ORDER	555	8	3075132	3533215	26	26	949676	93529
ORDER	556	5	1771144	2133347	11	11	700263	166656
ORDER	557	3	643902	910603	117	117	635498	72665
ORDER	558	0	1284569	1600387	14	14	460811	13205
ORDER	559	0	3165623	3538021	21	21	654417	21367
ORDER	560	1	3393041	3767836	48	48	100000	30613
ORDER	561	9	2103621	2389518	23	23	100000	59616
ORDER	562	1	254996	533227	63	63	994207	34045
ORDER	563	6	212920	775655	30	30	736660	76902
ORDER	564	4	389086	712767	11	11	321065	28363
ORDER	565	4	1326953	2004431	20	20	531086	13186
ORDER	566	6	316799	651127	15	15	510176	15047
ORDER	567	0	1607445	1968523	9	9	123805	40064
ORDER	568	6	2543213	2888271	36	36	270395	46143
ORDER	569	5	2828725	3124735	31	31	798553	173461
ORDER	570	9	742665	1208914	8	8	368328	70264
ORDER	571	7	2980223	3239761	48	48	112782	19865
ORDER	572	6	2899649	3504540	15	15	781916	463215
ORDER	573	6	2706441	3109435	15	15	308938	61271
ORDER	574	6	1827820	2395167	13	13	696472	37434
ORDER	575	7	3413018	3755182	166	166	540742	52177
ORDER	576	3	367543	657648	20	20	616466	57138
ORDER	577	2	3083735	3572099	3	3	484182	132607
ORDER	578	5	1577481	2230117	31	31	223366	110826
ORDER	579	8	1098061	1449991	12	12	100000	10259
ORDER	580	5	208095	639232	19	19	266379	88884
ORDER	581	6	1589076	1902604	15	15	100000	17310
ORDER	582	4	556585	957150	6	6	1000000	55566
ORDER	583	7	65261	670701	13	13	209380	204787
ORDER	584	6	2873518	3249283	12	12	549631	81033
ORDER	585	0	1119851	1897598	25	25	649079	13664
ORDER	586	4	1736798	2117023	36	36	374761	77901
ORDER	587	5	2664087	3182092	21	21	100000	26276
ORDER	588	9	3016189	3341477	26	26	454723	96967
ORDER	589	5	1539598	1860875	12	12	127419	203318
ORDER	590	0	2705920	3042178	1	1	1000000	45501
ORDER	591	0	1930471	2237275	18	18	445211	19000
ORDER	592	0	530190	1005558	24	24	438297	32059
ORDER	593	2	390081	681097	14	14	657578	113784
ORDER	594	7	401972	739773	100	100	296653	104363
ORDER	595	9	2294219	2657728	5	5	152652	412871
ORDER	596	9	885642	1214962	16	16	100000	21765
ORDER	597	3	132254	559329	50	50	859001	28089
ORDER	598	9	931581	1205297	21	21	100000	44362
ORDER	599	8	2746467	3514769	23	23	726089	17084
ORDER	600	2	3078819	3737254	6	6	502154	42313
ORDER	601	0	327888	1091969	24	24	620617	106373
ORDER	602	8	231270	641094	5	5	297957	97421
ORDER	603	4	1981456	2247672	5	5	341989	58505
ORDER	604	0	2830921	3095684	35	35	215875	9024
ORDER	605	0	601831	896263	35	35	371156	77687
ORDER	606	6	2904978	3301555	9	9	371655	9040
ORDER	607	5	1566330	1980574	6	6	914871	61615
ORDER	608	9	2750195	3106188	32	32	373493	31804
ORDER	609	2	1189284	1451756	21	21	642364	71920
ORDER	610	8	508511	806631	15	15	609197	83770
ORDER	611	0	2317954	2582088	34	34	966160	223233
ORDER	612	0	189239	738494	2	2	313436	167713
ORDER	613	5	3340864	3605831	15	15	524681	23052
ORDER	614	6	2619377	2956902	36	36	100000	12088
ORDER	615	4	3367130	4091604	13	13	486097	158298
ORDER	616	6	2890921	3429251	26	26	370057	130597
ORDER	617	3	2347920	2650788	152	152	274495	63314
ORDER	618	3	2591464	3174506	56	56	742625	28799
ORDER	619	1	384814	996118	83	83	552923	23555
ORDER	620	3	21546	317623	92	92	253124	132434
ORDER	621	4	1224036	1543887	8	8	585527	65430
ORDER	622	8	1158079	1520003	12	12	579940	18357
ORDER	623	9	3405072	3834731	3	3	504868	45257
ORDER	624	0	2650326	2928741	26	26	348549	94124
ORDER	625	1	1473646	1884679	111	111	834805	77694
ORDER	626	9	3301320	3566444	26	26	783643	83301
ORDER	627	9	3350778	3650804	31	31	526267	164140
ORDER	628	4	3384806	3701411	29	29	452860	864000
ORDER	629	5	2878804	3292042	22	22	724904	17508
ORDER	630	6	521365	1037511	9	9	654733	20218
ORDER	631	3	3398353	3716210	93	93	587764	125189
ORDER	632	7	806542	1119825	88	88	633355	25898
ORDER	633	0	3276983	3799748	4	4	776631	34688
ORDER	634	1	3383960	3893484	93	93	854695	149754
ORDER	635	8	3279130	3583251	15	15	332511	349197
ORDER	636	0	1270102	2224964	30	30	261919	51268
ORDER	637	8	1155900	1685185	17	17	610178	64468
ORDER	638	2	3111782	3520865	20	20	377232	17570
ORDER	639	7	3435168	3702647	198	198	100000	142940
ORDER	640	4	2840248	3536586	20	20	382879	137970
ORDER	641	6	890687	1198692	15	15	413097	466507
ORDER	642	2	2567008	2878556	36	36	1000000	158541
ORDER	643	3	2070722	2354833	134	134	934650	159848
ORDER	644	7	1993966	2278608	82	82	477719	184873
ORDER	645	0	3399756	3807616	18	18	604295	19631
ORDER	646	8	1734677	2071736	4	4	868031	33609
ORDER	647	2	1189784	1467764	27	27	633661	58687
ORDER	648	4	1365371	1977630	8	8	368906	155952
ORDER	649	6	759337	1133097	32	32	494821	9490
ORDER	650	7	1166815	1517062	227	227	347317	68283
ORDER	651	9	1347526	1847372	20	20	122254	14642
ORDER	652	7	1668625	2093968	27	27	709072	225020
ORDER	653	8	587075	1168253	14	14	504064	27074
ORDER	654	5	3134489	3696851	30	30	631843	104894
ORDER	655	0	378729	875211	21	21	596716	35255
ORDER	656	7	1564037	1846978	39	39	224245	53200
ORDER	657	7	1771873	2277304	137	137	204194	14902
ORDER	658	6	721504	1042741	2	2	676491	75920
ORDER	659	7	1472950	1863934	190	190	505266	14838
ORDER	660	6	350623	618664	5	5	258663	12263
ORDER	661	4	2673804	3252531	21	21	833541	197344
ORDER	662	3	3307439	3662444	33	33	100000	97770
ORDER	663	6	2563024	3124243	32	32	406482	247771
ORDER	664	2	1239175	1840593	5	5	688186	32068
ORDER	665	9	3087605	3433363	2	2	444760	11442
ORDER	666	3	2929433	3449759	99	99	310616	34872
ORDER	667	9	2875073	3256873	5	5	471320	13499
ORDER	668	2	1109640	1412464	9	9	320767	29691
ORDER	669	9	2307358	2604975	26	26	238072	13536
ORDER	670	6	1223007	1675318	6	6	184870	24336
ORDER	671	0	3392908	3880274	25	25	658012	88537
ORDER	672	3	2861870	3553992	147	147	291112	11860
ORDER	673	7	2005039	2320573	99	99	803132	122420
ORDER	674	2	2367322	2772156	34	34	781275	39447
ORDER	675	5	1867253	2321029	13	13	241402	10661
ORDER	676	9	492531	857960	7	7	100000	38526
ORDER	677	3	2426350	2777807	173	173	604716	70496
ORDER	678	2	1111280	1532716	34	34	786204	16541
ORDER	679	3	3126002	3733721	12	12	227476	240341
ORDER	680	7	1865723	2150285	146	146	527897	152768
ORDER	681	7	1537844	1824755	239	239	475175	135292
ORDER	682	3	1353472	1756941	182	182	467087	65726
ORDER	683	6	259867	582840	31	31	409255	51533
ORDER	684	7	2283860	2578122	4	4	544214	159052
ORDER	685	9	2908097	3214781	14	14	332590	25065
ORDER	686	3	3430915	3751376	169	169	307362	82414
ORDER	687	0	52849	926886	17	17	599556	95876
ORDER	688	2	3074048	3384629	19	19	822054	35275
ORDER	689	2	632455	1072364	29	29	201292	29877
ORDER	690	6	3002561	3454220	26	26	790193	37826
ORDER	691	3	115434	427048	126	126	539695	57350
ORDER	692	0	2066429	2328092	34	34	731175	92070
ORDER	693	2	1210286	1628710	20	20	775932	10349
ORDER	694	3	2791389	3165141	91	91	634836	13955
ORDER	695	8	2061430	2412092	16	16	574549	11560
ORDER	696	9	596706	928758	11	11	734270	46491
ORDER	697	7	2493450	2895158	42	42	235613	146273
ORDER	698	2	3351371	3677524	7	7	930524	13013
ORDER	699	1	330019	602186	108	108	100000	21875
ORDER	700	7	179195	475528	228	228	414175	94279
ORDER	701	7	2733591	3053678	47	47	830112	197063
ORDER	702	1	1496412	1783022	122	122	442344	27229
ORDER	703	3	3404133	3684191	52	52	541405	44690
ORDER	704	5	706388	1093687	23	23	403598	100292
ORDER	705	8	1683027	2066264	21	21	251940	136352
ORDER	706	8	3448345	3787955	11	11	501449	112699
ORDER	707	4	2050017	2350994	30	30	613320	122629
ORDER	708	4	3332358	3729630	34	34	710591	23979
ORDER	709	3	3358974	3831667	176	176	1000000	24494
ORDER	710	2	1262377	1568886	15	15	323195	311586
ORDER	711	8	724012	1307224	25	25	451940	64309
ORDER	712	6	2140557	2668397	29	29	128552	23607
ORDER	713	2	874280	1203858	6	6	426215	70437
ORDER	714	4	3093959	3361948	16	16	271070	113874
ORDER	715	8	2401857	2702500	25	25	681478	170803
ORDER	716	2	2524411	2874802	31	31	240737	32035
ORDER	717	0	628979	983547	1	1	672875	8941
ORDER	718	6	2248003	2559468	18	18	344478	15198
ORDER	719	0	3263539	3637171	30	30	896968	166042
ORDER	720	5	1732752	2335175	3	3	485696	17692
ORDER	721	8	2392442	3132268	23	23	608321	31572
ORDER	722	6	1742915	2396838	5	5	590599	12447
ORDER	723	4	2042536	2310044	19	19	454584	13678
ORDER	724	9	164503	443198	2	2	346692	73103
ORDER	725	8	1353188	1688444	13	13	885848	55062
ORDER	726	0	2988447	3338418	8	8	641999	137451
ORDER	727	1	410620	1321588	19	19	525020	209544
ORDER	728	5	1683735	1955859	25	25	530941	32203
ORDER	729	3	1581206	2117278	124	124	984237	57281
ORDER	730	7	1039466	1332976	123	123	596132	86041
ORDER	731	1	2833307	3109926	16	16	100000	79209
ORDER	732	6	553676	885069	3	3	715624	10831
ORDER	733	5	1904462	2964543	12	12	889172	101790
ORDER	734	8	431671	743049	26	26	595721	19942
ORDER	735	2	1371417	1664741	16	16	365595	82468
ORDER	736	9	2933294	3202343	30	30	278050	62089
ORDER	737	9	1272530	1745402	28	28	1000000	20744
ORDER	738	7	1390780	1887726	189	189	629316	37625
ORDER	739	1	2908249	3211285	9	9	580180	13760
ORDER	740	9	308266	853528	23	23	480235	109950
ORDER	741	9	258802	883252	10	10	709674	65709
ORDER	742	5	516625	872708	24	24	310192	89735
ORDER	743	3	2702786	3156695	43	43	822475	14177
ORDER	744	7	3299190	3609858	203	203	483217	71412
ORDER	745	9	148093	438743	18	18	861760	25830
ORDER	746	4	2682052	2960875	20	20	638413	54211
ORDER	747	6	1077499	1408379	36	36	184668	150310
ORDER	748	7	2969216	3405474	2	2	696277	219181
ORDER	749	9	834305	1224663	6	6	507368	24308
ORDER	750	6	1134124	1450108	24	24	508183	44685
ORDER	751	1	442008	1110398	75	75	532944	95521
ORDER	752	8	2928405	3397244	12	12	427232	84184
ORDER	753	8	397984	1147975	22	22	543837	40867
ORDER	754	4	2599730	3013534	32	32	352028	17437
ORDER	755	2	138826	427349	9	9	541788	51971
ORDER	756	0	2858800	3123109	36	36	639114	64540
ORDER	757	1	2901754	3555517	135	135	141237	57040
ORDER	758	7	402152	806426	23	23	510380	31949
ORDER	759	5	2408643	2708974	18	18	474578	10269
ORDER	760	0	3389724	3687175	30	30	721029	129453
ORDER	761	1	613877	943528	75	75	273310	96388
ORDER	762	4	1649198	2322955	17	17	858027	13594
ORDER	763	7	1439196	1835200	30	30	252300	112064
ORDER	764	5	2284722	2645628	4	4	100000	39016
ORDER	765	1	1204265	1926998	27	27	176671	31334
ORDER	766	1	2057609	2398266	46	46	382152	105429
ORDER	767	0	1213464	1660295	36	36	248584	34493
ORDER	768	8	2780924	3114628	34	34	100000	191124
ORDER	769	1	211542	514452	179	179	651265	166645
ORDER	770	3	3087727	3989304	10	10	494841	37385
ORDER	771	9	441994	862149	22	22	484418	39363
ORDER	772	3	293248	730259	79	79	238959	28968
ORDER	773	7	1180261	1626529	141	141	505808	46297
ORDER	774	5	809796	1105868	9	9	750914	65738
ORDER	775	2	1965228	2303035	33	33	1000000	70783
ORDER	776	4	2452162	2818896	32	32	600594	13158
ORDER	777	6	2931041	3251135	23	23	250249	73067
ORDER	778	2	1984039	2279977	16	16	542849	94287
ORDER	779	3	63709	545584	133	133	437207	26842
ORDER	780	0	3210906	3489593	27	27	362047	21069
ORDER	781	4	2293828	2613266	11	11	114475	19833
ORDER	782	2	878898	1545236	26	26	100000	103219
ORDER	783	2	2160827	2450959	1	1	100000	11972
ORDER	784	5	2188075	2532619	18	18	177325	202260
ORDER	785	0	1005715	1676429	12	12	510890	120154
ORDER	786	2	2886889	3336584	34	34	537509	8978
ORDER	787	8	3267981	3573055	34	34	458098	196582
ORDER	788	5	2276084	2545983	8	8	195508	14755
ORDER	789	8	1684593	1959401	36	36	653245	183093
ORDER	790	3	1937046	2422146	108	108	519805	8920
ORDER	791	3	1366652	1628441	129	129	771372	12314
ORDER	792	6	403381	701725	31	31	539052	28563
ORDER	793	7	2134340	2637631	153	153	1000000	50201
ORDER	794	2	1337905	1955824	15	15	533129	122721
ORDER	795	0	2509268	3129907	32	32	581204	338994
ORDER	796	5	1248050	1770893	25	25	339892	18795
ORDER	797	0	3082162	3378261	24	24	391135	170431
ORDER	798	7	2203184	2493252	58	58	682865	68836
ORDER	799	0	392926	769520	22	22	719502	10829
ORDER	800	2	1744340	2041260	6	6	1000000	253840
ORDER	801	9	2805672	3111498	13	13	466092	20391
ORDER	802	8	1865125	2137047	10	10	760468	70203
ORDER	803	5	266711	953427	21	21	482726	25940
ORDER	804	6	1674164	2020238	5	5	573869	112362
ORDER	805	4	612274	1068070	8	8	342702	161465
ORDER	806	3	1414786	1973624	126	126	672428	9475
ORDER	807	3	612937	936335	59	59	516804	94746
ORDER	808	4	1061325	1775425	12	12	749928	65124
ORDER	809	2	2217080	3015505	26	26	285960	24413
ORDER	810	4	1979388	2348342	30	30	466674	35905
ORDER	811	2	1851230	2280884	21	21	850313	48522
ORDER	812	4	441559	901344	21	21	627631	73119
ORDER	813	6	2758080	3022829	32	32	681133	146701
ORDER	814	4	1846327	2353993	19	19	1000000	78121
ORDER	815	3	2486810	2896159	48	48	361071	28751
ORDER	816	9	1068217	1355293	10	10	652104	30539
ORDER	817	6	3003954	3502954	3	3	514914	59816
ORDER	818	1	1316892	1745672	11	11	351084	10603
ORDER	819	0	1496079	1805003	34	34	728699	143729
ORDER	820	4	3264698	3531128	31	31	438768	52105
ORDER	821	3	2538211	2933744	172	172	100000	127960
ORDER	822	4	599258	1095505	33	33	429250	72028
ORDER	823	1	2689752	2980359	100	100	285997	60611
ORDER	824	2	1692735	1961950	30	30	779264	80106
ORDER	825	4	3371556	3654719	7	7	1000000	132359
ORDER	826	5	1070164	1414816	23	23	685048	24736
ORDER	827	9	1219	273764	27	27	535049	35747
ORDER	828	0	3283261	3566847	35	35	723517	114045
ORDER	829	8	2039047	2303835	10	10	624447	12945
ORDER	830	7	385972	824754	92	92	931166	43849
ORDER	831	9	3402733	3820841	4	4	791926	276713
ORDER	832	4	2108042	2701594	19	19	280838	43119
ORDER	833	7	3036209	3317593	232	232	937728	139135
ORDER	834	2	3090720	3428789	28	28	670085	80652
ORDER	835	0	2679588	3041876	33	33	897358	33837
ORDER	836	4	1431542	1699076	4	4	741513	118308
ORDER	837	6	1068193	1368750	2	2	410861	137205
ORDER	838	9	978356	1260382	27	27	698304	141240
ORDER	839	8	2621893	2968819	32	32	284056	252840
ORDER	840	5	3151810	3768108	3	3	657751	53734
ORDER	841	2	3038098	3335152	7	7	538906	120932
ORDER	842	0	2689339	3263626	2	2	239475	119145
ORDER	843	2	1001681	1486439	24	24	314382	183956
ORDER	844	1	956078	1263720	107	107	451622	35184
ORDER	845	1	1587849	1867137	176	176	740970	24596
ORDER	846	1	6383	434281	100	100	986490	14338
ORDER	847	6	827916	1162558	6	6	100000	29388
ORDER	848	6	1649514	1975315	12	12	483774	24077
ORDER	849	6	1083672	1622120	36	36	224441	29273
ORDER	850	5	2506162	3371451	11	11	225897	87939
ORDER	851	3	2159520	2483983	170	170	162025	265476
ORDER	852	7	2624603	3011332	40	40	918910	68047
ORDER	853	4	1695209	2344378	34	34	923712	25798
ORDER	854	7	2918623	3840061	94	94	876438	15728
ORDER	855	9	2834499	3146798	5	5	624755	86943
ORDER	856	3	977067	1475463	181	181	747580	31240
ORDER	857	6	887040	1390531	3	3	392506	88697
ORDER	858	5	3336425	3648989	2	2	518832	61688
ORDER	859	3	148488	482935	153	153	677684	94473
ORDER	860	8	1880820	2423129	23	23	252190	54837
ORDER	861	9	1481594	2157495	33	33	710826	151985
ORDER	862	5	1842918	2128302	16	16	230852	29311
ORDER	863	3	754251	1068213	87	87	149113	29233
ORDER	864	1	2525584	2901403	86	86	100000	39238
ORDER	865	8	289124	953719	34	34	959093	250842
ORDER	866	0	2467233	2946637	35	35	785500	100810
ORDER	867	0	2382989	2724115	2	2	605452	117646
ORDER	868	2	2326586	2854353	30	30	778625	48107
ORDER	869	2	3360887	3654145	12	12	457403	127136
ORDER	870	6	1491145	1846981	14	14	746646	50120
ORDER	871	4	2975511	3260289	27	27	602971	66333
ORDER	872	8	3116758	3510565	21	21	355314	70955
ORDER	873	1	2133538	2740379	42	42	855980	74939
ORDER	874	9	1821068	2117427	13	13	195140	39018
ORDER	875	3	870299	1215164	44	44	254107	24009
ORDER	876	4	2583244	2917203	28	28	355481	44922
ORDER	877	8	1580393	1925067	9	9	582659	50968
ORDER	878	4	1675005	2076469	10	10	659217	108143
ORDER	879	5	1964691	2361494	10	10	496592	18168
ORDER	880	2	2952998	3418421	11	11	627752	66777
ORDER	881	8	2023473	2320300	31	31	320172	44797
ORDER	882	3	2620544	2987593	158	158	450648	28851
ORDER	883	5	3194855	3924731	36	36	760535	82212
ORDER	884	8	197557	477507	5	5	465922	148896
ORDER	885	0	1345479	2071955	20	20	425753	10810
ORDER	886	1	2794181	3135243	51	51	891224	253528
ORDER	887	6	637162	896615	10	10	308055	20256
ORDER	888	8	401164	761314	19	19	214301	9498
ORDER	889	0	247486	1343878	16	16	136895	244298
ORDER	890	4	3066725	3462161	5	5	812669	58928
ORDER	891	8	3129308	3459945	3	3	506630	119569
ORDER	892	6	1537417	1807013	28	28	977046	81415
ORDER	893	0	1810090	2274186	21	21	1000000	20263
ORDER	894	5	1101902	1514903	30	30	715663	97896
ORDER	895	0	3050835	3335626	29	29	893130	553623
ORDER	896	3	1164378	1670280	26	26	895995	10746
ORDER	897	5	1560353	1824374	2	2	319405	88322
ORDER	898	5	3432796	3696808	35	35	340375	61458
ORDER	899	8	1790571	2334381	2	2	498851	26517
ORDER	900	7	2626244	2960343	170	170	405396	115874
ORDER	901	7	607247	868478	236	236	422644	61760
ORDER	902	2	2873396	3593114	20	20	248954	135994
ORDER	903	6	2153413	2412752	3	3	615059	9829
ORDER	904	5	598556	882367	30	30	235214	242627
ORDER	905	7	3138306	3656650	68	68	592228	11910
ORDER	906	7	2247302	2522755	177	177	564731	88382
ORDER	907	7	2336701	2657632	232	232	666725	9173
ORDER	908	4	1531505	1806722	20	20	587280	11354
ORDER	909	9	1256922	2078381	6	6	570771	72292
ORDER	910	5	2114102	2386433	35	35	100000	93092
ORDER	911	3	1763751	2056046	151	151	681044	250621
ORDER	912	2	2334387	2768926	16	16	610015	26339
ORDER	913	8	1015976	1351116	30	30	195526	67450
ORDER	914	1	93578	378728	129	129	415337	49385
ORDER	915	9	2903356	3192293	24	24	377478	87726
ORDER	916	4	2500407	2938510	21	21	363327	96778
ORDER	917	0	1685882	1945357	24	24	156462	33249
ORDER	918	2	2087516	2764344	21	21	518123	87738
ORDER	919	9	1418982	1697333	4	4	398655	10831
ORDER	920	6	1020407	1339451	11	11	349450	24877
ORDER	921	3	341304	629544	91	91	125592	122482
ORDER	922	3	3125892	3407596	118	118	500224	26486
ORDER	923	1	16123	291161	39	39	488746	170081
ORDER	924	6	600185	1078155	5	5	573172	20271
ORDER	925	5	1087144	1417025	7	7	310203	54166
ORDER	926	9	3042692	3511536	35	35	687368	49520
ORDER	927	7	2890548	3191445	179	179	439506	92993
ORDER	928	8	2538896	2855502	27	27	1000000	14923
ORDER	929	5	2571904	3055322	20	20	435816	55257
ORDER	930	5	639741	1062420	25	25	726359	97255
ORDER	931	5	1544520	1862433	21	21	479789	72098
ORDER	932	1	1445588	1987879	168	168	296222	163157
ORDER	933	2	1010287	1399400	15	15	1000000	164056
ORDER	934	7	1363515	1655507	148	148	134399	13034
ORDER	935	0	1790958	2093379	18	18	511890	44994
ORDER	936	7	1497226	2113517	212	212	664986	65129
ORDER	937	7	2083022	2653873	100	100	437474	83430
ORDER	938	5	2167969	2790565	23	23	419499	32466
ORDER	939	8	171014	595808	18	18	705840	44751
ORDER	940	8	2961700	3384414	14	14	417829	134528
ORDER	941	3	504230	771438	42	42	704337	63570
ORDER	942	1	1689918	2090660	91	91	226750	70625
ORDER	943	4	3070881	3441803	21	21	225739	102163
ORDER	944	8	595360	1435648	6	6	515447	161727
ORDER	945	6	3143192	3571762	29	29	549916	60073
ORDER	946	6	2185603	2505114	15	15	548067	85057
ORDER	947	1	3196710	3662159	167	167	912678	59645
ORDER	948	1	1651927	2062544	50	50	351563	205844
ORDER	949	3	246225	554572	43	43	651287	50840
ORDER	950	9	1197175	1476841	1	1	229246	264487
ORDER	951	1	2940653	3235679	30	30	491319	84647
ORDER	952	0	1758944	2087512	27	27	488328	192332
ORDER	953	3	2381757	2730682	83	83	651659	10236
ORDER	954	2	783249	1169729	14	14	324254	108813
ORDER	955	2	3189520	3848793	12	12	1000000	54525
ORDER	956	2	1538599	2206058	8	8	595240	148534
ORDER	957	9	1816949	2100168	16	16	512073	129554
ORDER	958	0	2288035	2810026	3	3	683031	49913
ORDER	959	4	375588	731750	23	23	660112	243742
ORDER	960	5	1716989	1977728	16	16	445962	135375
ORDER	961	3	1039344	1359202	19	19	636287	25984
ORDER	962	2	1142914	1494158	23	23	520149	52640
ORDER	963	2	199293	784272	25	25	544866	91434
ORDER	964	1	797301	1304372	166	166	355208	41799
ORDER	965	3	3209593	3583360	115	115	100000	272819
ORDER	966	0	2259824	2525347	18	18	751524	70584
ORDER	967	4	334980	616022	17	17	832490	67190
ORDER	968	7	569734	1000315	84	84	558540	55314
ORDER	969	3	858967	1128526	31	31	237520	167969
ORDER	970	2	3277031	3610096	27	27	279473	74264
ORDER	971	6	1156268	1493995	30	30	305938	195137
ORDER	972	1	287759	977244	95	95	787665	35542
ORDER	973	5	3005176	3313045	18	18	616948	31534
ORDER	974	2	950876	1923451	31	31	762728	104529
ORDER	975	1	1655876	2329102	166	166	426076	12899
ORDER	976	5	398565	914200	1	1	593561	51961
ORDER	977	7	980143	1300149	56	56	376281	48805
ORDER	978	2	3196665	3580199	33	33	533847	17168
ORDER	979	1	1769594	2114357	19	19	475677	14395
ORDER	980	2	1458143	1837045	27	27	400201	81722
ORDER	981	9	3278257	3811830	4	4	648268	34642
ORDER	982	2	3447118	3733260	28	28	346328	108085
ORDER	983	1	2677340	3278300	81	81	845287	9171
ORDER	984	7	2639998	2903214	176	176	627383	24828
ORDER	985	6	647395	936468	9	9	433530	19657
ORDER	986	8	198378	475248	6	6	707015	252978
ORDER	987	5	435030	748499	35	35	810737	53494
ORDER	988	9	1908496	2368267	5	5	745293	25001
ORDER	989	7	756758	1133432	79	79	498286	9119
ORDER	990	0	269241	538467	8	8	448825	83380
ORDER	991	1	2548988	2924473	34	34	555331	244754
ORDER	992	4	3054273	3323556	31	31	100000	155511
ORDER	993	6	1004939	1293936	31	31	494761	156434
ORDER	994	3	1444	302288	37	37	502282	9989
ORDER	995	0	1740738	2058900	24	24	656648	128061
ORDER	996	4	2481468	2884975	21	21	409036	24338
ORDER	997	6	3141445	3511923	34	34	794756	64330
ORDER	998	4	2969524	3288437	1	1	730948	80901
ORDER	999	2	2359209	3119482	29	29	724692	87830
