HEADER	5	10	1000	24	124
MACHINE	0	166	47	0	7	13	14	21	28	30	35	42	49	56	63	70	77	84	85	86	87	91	98	105	109	112	119	126	133	140	147	154	155	156	161	168	175	182	188	189	196	203	210	217	223	224	231	238	240	245
MACHINE	1	179	47	2	4	9	16	23	30	37	43	44	51	58	65	67	72	79	86	90	93	100	107	114	121	123	124	128	135	142	149	156	163	167	170	177	184	191	197	198	205	212	219	226	233	234	235	240	246	247
MACHINE	2	108	82	3	4	6	7	8	10	11	17	18	24	25	31	32	38	39	45	46	51	52	53	59	60	66	67	73	74	75	76	80	81	87	88	91	94	95	101	102	108	109	115	116	122	123	124	129	130	136	137	143	144	150	151	152	157	158	164	165	171	172	178	179	185	186	192	193	196	199	200	206	207	213	214	220	221	227	228	234	235	241	242	248	249
MACHINE	3	250	82	0	6	7	13	14	17	20	21	27	28	34	35	41	42	47	48	49	55	56	62	63	69	70	76	77	83	84	85	86	87	90	91	97	98	100	101	102	104	105	111	112	118	119	122	125	126	132	133	139	140	146	147	153	154	160	161	167	168	174	175	181	182	188	189	195	196	202	203	209	210	216	217	223	224	228	230	231	237	238	241	244	245
MACHINE	4	189	81	0	1	7	8	14	15	21	22	26	28	29	30	35	36	42	43	49	50	56	57	63	64	67	70	71	77	78	84	85	90	91	92	98	99	105	106	112	113	119	120	126	127	133	134	139	140	141	147	148	154	155	156	157	161	162	168	169	175	176	182	183	189	190	196	197	203	204	208	210	211	217	218	224	225	229	231	232	238	239	245	246
BOM	0	0	8321	44642
BOM	0	4	34124	48250
BOM	1	1	40971	20555
BOM	1	2	4761	67447
BOM	2	3	73846	54770
BOM	2	4	56626	92029
BOM	3	1	42546	75864
BOM	3	2	60428	48338
BOM	3	3	10276	42177
BOM	4	0	17611	54976
BOM	4	2	14702	30884
BOM	5	0	6839	18672
BOM	5	2	74800	26299
BOM	6	0	37886	100000
BOM	6	1	105863	83626
BOM	6	2	71657	1000
BOM	6	3	7860	61810
BOM	6	4	10288	39579
BOM	7	0	18754	39676
BOM	7	1	22653	27576
BOM	7	4	4026	72081
BOM	8	0	25888	35982
BOM	8	1	77062	36501
BOM	9	0	38157	39841
COMBI	0	0	0	0	0
COMBI	0	0	4	6133	920050
COMBI	0	0	5	8996	274803
COMBI	0	0	6	139608	897284
COMBI	0	0	7	37948	496529
COMBI	0	0	8	58337	885424
COMBI	0	0	9	33935	154687
COMBI	0	4	0	40117	145995
COMBI	0	4	4	0	0
COMBI	0	4	5	6222	11910
COMBI	0	4	6	11687	171754
COMBI	0	4	7	56714	621832
COMBI	0	4	8	28884	498865
COMBI	0	4	9	5010	316286
COMBI	0	5	0	6276	181590
COMBI	0	5	4	22067	446359
COMBI	0	5	5	0	0
COMBI	0	5	6	17138	935125
COMBI	0	5	7	12918	401052
COMBI	0	5	8	60675	321759
COMBI	0	5	9	17340	720336
COMBI	0	6	0	21721	222406
COMBI	0	6	4	16634	269315
COMBI	0	6	5	24329	147893
COMBI	0	6	6	0	0
COMBI	0	6	7	25736	440164
COMBI	0	6	8	56587	565889
COMBI	0	6	9	14708	441923
COMBI	0	7	0	11594	488519
COMBI	0	7	4	6244	819039
COMBI	0	7	5	28222	200039
COMBI	0	7	6	57724	647293
COMBI	0	7	7	0	0
COMBI	0	7	8	5234	875292
COMBI	0	7	9	9313	672606
COMBI	0	8	0	36871	335628
COMBI	0	8	4	25190	448236
COMBI	0	8	5	20099	721663
COMBI	0	8	6	61207	541076
COMBI	0	8	7	55176	716603
COMBI	0	8	8	0	0
COMBI	0	8	9	24899	262904
COMBI	0	9	0	90628	436406
COMBI	0	9	4	80498	246764
COMBI	0	9	5	33025	551483
COMBI	0	9	6	35721	398036
COMBI	0	9	7	78083	587377
COMBI	0	9	8	23272	963653
COMBI	0	9	9	0	0
COMBI	1	1	1	0	0
COMBI	1	1	3	45053	216390
COMBI	1	1	6	12783	64591
COMBI	1	1	7	13115	168141
COMBI	1	1	8	7144	540956
COMBI	1	3	1	23318	422761
COMBI	1	3	3	0	0
COMBI	1	3	6	43753	681422
COMBI	1	3	7	6854	506452
COMBI	1	3	8	39814	804868
COMBI	1	6	1	46797	660282
COMBI	1	6	3	50287	670956
COMBI	1	6	6	0	0
COMBI	1	6	7	60114	324684
COMBI	1	6	8	113359	771884
COMBI	1	7	1	54663	707649
COMBI	1	7	3	78049	232067
COMBI	1	7	6	93720	572241
COMBI	1	7	7	0	0
COMBI	1	7	8	33859	259846
COMBI	1	8	1	8356	130950
COMBI	1	8	3	17851	221887
COMBI	1	8	6	103222	337919
COMBI	1	8	7	117815	702460
COMBI	1	8	8	0	0
COMBI	2	1	1	0	0
COMBI	2	1	3	30625	774190
COMBI	2	1	4	24004	236419
COMBI	2	1	5	33257	425011
COMBI	2	1	6	41672	451831
COMBI	2	3	1	45943	684665
COMBI	2	3	3	0	0
COMBI	2	3	4	19687	279014
COMBI	2	3	5	41197	430927
COMBI	2	3	6	36253	774482
COMBI	2	4	1	35013	995389
COMBI	2	4	3	62517	266460
COMBI	2	4	4	0	0
COMBI	2	4	5	65332	671030
COMBI	2	4	6	6307	658140
COMBI	2	5	1	29778	418997
COMBI	2	5	3	99929	283799
COMBI	2	5	4	51478	1000000
COMBI	2	5	5	0	0
COMBI	2	5	6	126019	78721
COMBI	2	6	1	37126	491618
COMBI	2	6	3	450755	1000000
COMBI	2	6	4	6901	684277
COMBI	2	6	5	30630	261717
COMBI	2	6	6	0	0
COMBI	3	2	2	0	0
COMBI	3	2	3	5141	177506
COMBI	3	2	6	6554	522264
COMBI	3	3	2	90601	459181
COMBI	3	3	3	0	0
COMBI	3	3	6	9842	244330
COMBI	3	6	2	52500	776370
COMBI	3	6	3	32383	1000000
COMBI	3	6	6	0	0
COMBI	4	0	0	0	0
COMBI	4	0	2	30652	758218
COMBI	4	0	6	81841	485293
COMBI	4	0	7	34524	272412
COMBI	4	2	0	11679	453014
COMBI	4	2	2	0	0
COMBI	4	2	6	29284	362136
COMBI	4	2	7	99536	764346
COMBI	4	6	0	38412	502441
COMBI	4	6	2	19428	487954
COMBI	4	6	6	0	0
COMBI	4	6	7	5089	272721
COMBI	4	7	0	108182	165874
COMBI	4	7	2	61996	171655
COMBI	4	7	6	56136	134048
COMBI	4	7	7	0	0
ORDER	0	6	3153589	3541782	3	2	296963	26961
ORDER	1	9	2125138	2493920	28	11	501071	10084
ORDER	2	1	1059490	1329581	93	13	381948	188555
ORDER	3	8	1599236	1999536	46	22	719114	52143
ORDER	4	3	1636264	1918298	71	28	632768	10293
ORDER	5	4	622892	929163	96	25	794537	133913
ORDER	6	4	1056180	1465668	80	39	469736	75337
ORDER	7	7	1007613	1360948	55	12	428289	35171
ORDER	8	9	1074362	1409972	6	3	578949	71477
ORDER	9	8	2178509	2588240	86	13	566739	111137
ORDER	10	7	2343852	2872820	33	11	745997	141869
ORDER	11	9	2989610	3280561	71	30	608193	133954
ORDER	12	9	1452409	1796746	60	17	578870	30910
ORDER	13	9	2028155	2370455	65	16	575592	33791
ORDER	14	2	894607	1271808	46	22	203701	79593
ORDER	15	9	3178991	3480334	73	35	592889	51548
ORDER	16	8	2960479	3580222	76	31	329409	29543
ORDER	17	1	1306652	1614725	4	2	559397	88232
ORDER	18	3	87744	400152	88	11	934352	28045
ORDER	19	0	2066361	2395859	95	18	902929	144548
ORDER	20	0	3121336	3409913	55	3	663679	191590
ORDER	21	1	1125404	1792781	50	22	356083	19637
ORDER	22	5	87835	767952	46	11	270040	38657
ORDER	23	7	1362656	1987367	53	12	373272	248642
ORDER	24	8	2133295	2566405	36	19	618245	18456
ORDER	25	5	2818407	3376736	4	1	648652	104516
ORDER	26	5	642918	927989	8	5	356396	56109
ORDER	27	6	177091	441507	52	13	379387	59464
ORDER	28	9	3261811	3615762	35	18	488540	9624
ORDER	29	9	820408	1275931	69	34	493752	115636
ORDER	30	9	1594502	2120284	87	33	697535	25838
ORDER	31	7	605745	933213	33	12	183576	16512
ORDER	32	5	1027456	1323963	13	2	577623	132380
ORDER	33	4	2831342	3125998	67	26	591467	368484
ORDER	34	1	2475463	2749515	81	11	994603	66344
ORDER	35	8	698086	1315798	23	1	695374	55940
ORDER	36	9	1129492	1608839	11	6	356487	25293
ORDER	37	6	848979	1589149	46	12	483405	74014
ORDER	38	3	387072	766375	100	25	521809	216924
ORDER	39	1	2537022	2846701	84	38	674917	125321
ORDER	40	6	1728574	2053919	51	11	546343	99601
ORDER	41	6	3115962	3435810	45	4	492557	119982
ORDER	42	7	1187725	1502767	62	16	442021	60143
ORDER	43	5	1019845	1445743	97	43	262721	68144
ORDER	44	6	1049520	1796631	62	11	359199	15998
ORDER	45	1	1174225	1684465	94	10	380026	63699
ORDER	46	8	2390762	2729934	49	10	270572	73565
ORDER	47	9	699302	997458	57	11	602209	41289
ORDER	48	9	1384223	1836918	72	34	357952	33728
ORDER	49	4	954496	1808282	17	9	423629	11683
ORDER	50	2	394556	937923	78	35	842629	11633
ORDER	51	5	1062774	1390867	99	29	540544	108739
ORDER	52	9	2447862	2786259	89	40	509635	99831
ORDER	53	8	3429406	3705722	74	18	451097	77583
ORDER	54	8	2308925	2573665	59	4	653583	55494
ORDER	55	1	2153787	2916836	61	20	684618	16386
ORDER	56	3	2323017	2627235	42	14	518033	513111
ORDER	57	0	1660022	1968500	46	1	362031	18515
ORDER	58	3	286001	1117995	54	2	379019	30229
ORDER	59	5	1959016	2342983	14	1	100000	67276
ORDER	60	3	35102	373372	35	7	748965	236112
ORDER	61	1	900704	1367235	95	24	218071	21276
ORDER	62	3	71453	352776	17	9	618273	164734
ORDER	63	6	3057738	3498568	4	3	742281	45264
ORDER	64	7	152241	751302	73	34	831290	84409
ORDER	65	1	1237761	1593220	68	9	770650	130286
ORDER	66	6	1192834	1482133	73	8	502183	144145
ORDER	67	3	536997	863016	84	31	619002	59609
ORDER	68	4	3216452	3490924	3	2	286696	25545
ORDER	69	4	1283497	1563010	91	23	653971	16102
ORDER	70	1	1223235	1598262	55	25	396329	104826
ORDER	71	2	287672	586910	72	30	734345	13128
ORDER	72	9	84939	500919	88	12	554448	17266
ORDER	73	8	516329	1234873	36	14	913644	29305
ORDER	74	5	2106372	2403032	68	6	1000000	37833
ORDER	75	2	2971789	3256615	89	31	810926	64339
ORDER	76	1	558159	964754	78	30	404628	29622
ORDER	77	3	2864987	3167935	69	17	100000	364350
ORDER	78	5	2104507	2733985	10	4	100000	130206
ORDER	79	3	1313537	1592046	38	2	427263	48358
ORDER	80	7	1993008	2586938	79	4	702893	80013
ORDER	81	3	885100	1297532	70	17	800238	39322
ORDER	82	5	3164579	3447406	73	2	491820	64187
ORDER	83	8	1214827	1712485	56	10	743763	185826
ORDER	84	1	93245	648471	89	44	197114	242823
ORDER	85	2	1525030	2220659	30	8	332810	56941
ORDER	86	3	3452316	3781081	26	6	1000000	55288
ORDER	87	7	2771999	3186415	63	23	648688	10369
ORDER	88	7	184934	503232	47	9	100000	92921
ORDER	89	9	579331	935390	71	32	433205	23137
ORDER	90	3	1381337	1660167	62	19	606778	35452
ORDER	91	0	3354195	3766633	51	12	399285	70584
ORDER	92	3	726145	987618	92	24	670643	11289
ORDER	93	4	2392713	2691206	93	34	510779	29872
ORDER	94	6	2793052	3227984	100	24	100000	361837
ORDER	95	2	2339964	2618606	60	12	625997	146204
ORDER	96	1	2313441	2821419	57	27	372714	50565
ORDER	97	3	923867	1570584	3	1	100000	96756
ORDER	98	9	1025587	1567244	13	2	390034	73274
ORDER	99	7	1359	511609	72	11	543174	12140
ORDER	100	4	1063242	1340858	60	6	823931	104493
ORDER	101	4	1047846	1611068	92	45	665243	11663
ORDER	102	8	854289	1233209	29	12	577308	53844
ORDER	103	4	2357004	2859544	27	5	585714	33705
ORDER	104	6	180874	451180	41	3	315614	96919
ORDER	105	1	1467621	1784970	7	1	328567	33941
ORDER	106	2	858136	1570567	17	4	256130	231412
ORDER	107	5	910919	1380576	16	2	611003	89362
ORDER	108	1	244687	630496	3	2	310165	91291
ORDER	109	2	1937105	2218131	61	23	370333	259158
ORDER	110	1	348121	945561	45	18	558896	17063
ORDER	111	5	2382160	2722399	37	4	456659	17067
ORDER	112	7	770890	1134034	96	26	684693	107839
ORDER	113	6	2357894	2700302	91	10	216458	119469
ORDER	114	9	1956766	2436266	17	2	576488	35901
ORDER	115	9	1901526	2209624	81	11	612229	61521
ORDER	116	5	3175176	3440439	91	22	389973	9547
ORDER	117	0	318334	803754	31	3	708429	195929
ORDER	118	9	1125516	1677054	57	26	242147	152444
ORDER	119	9	1352982	1693814	7	4	519454	41687
ORDER	120	3	1199108	1832138	98	33	548403	8885
ORDER	121	5	1649927	1989642	5	3	373013	372554
ORDER	122	1	721873	994757	17	8	185109	67918
ORDER	123	0	2733084	3031189	78	13	541121	156556
ORDER	124	3	2404056	2738281	38	19	100000	27793
ORDER	125	7	2735664	3030355	100	35	856377	149202
ORDER	126	6	1644524	2013891	86	6	620332	40722
ORDER	127	6	2291372	2756817	44	13	870700	44942
ORDER	128	6	1024736	1512417	55	20	729431	100140
ORDER	129	4	3376309	3714770	84	10	371894	144227
ORDER	130	0	2312541	2665018	72	17	232089	56584
ORDER	131	2	708730	985204	77	10	505337	24198
ORDER	132	1	866791	1226094	58	30	362822	57879
ORDER	133	3	2590272	2932053	76	10	100000	21346
ORDER	134	3	1427763	1755343	70	16	651951	36829
ORDER	135	5	2670208	2954620	84	14	660762	56671
ORDER	136	8	2077754	2525256	32	4	636094	256727
ORDER	137	2	917288	1218549	24	9	1000000	24071
ORDER	138	9	3423151	3859371	43	8	544898	57504
ORDER	139	3	561026	855745	30	11	362151	26031
ORDER	140	5	2113753	2458862	19	8	644067	45206
ORDER	141	3	2453785	2806631	54	5	513404	29711
ORDER	142	4	1883568	2207082	73	11	261545	46652
ORDER	143	6	1030061	1409429	85	8	334848	32625
ORDER	144	0	2907981	3183547	76	7	474201	25331
ORDER	145	3	2404180	2695793	4	3	135509	44475
ORDER	146	5	746147	1075081	39	7	233250	183067
ORDER	147	4	1483919	1941255	35	18	649866	34910
ORDER	148	2	2455044	2810281	84	24	383306	16229
ORDER	149	6	1372343	1701032	33	16	532384	60168
ORDER	150	2	2604028	2927527	23	9	207802	110370
ORDER	151	5	453001	760419	61	4	457255	285072
ORDER	152	7	1995674	2353893	88	14	515260	217729
ORDER	153	3	3185979	3478325	37	18	367233	86605
ORDER	154	4	227797	727295	70	24	411328	58739
ORDER	155	3	1981138	2349727	16	7	412033	13174
ORDER	156	8	3281441	3717220	32	11	685566	179736
ORDER	157	3	996919	1450449	100	50	590738	36011
ORDER	158	9	2898873	3868032	95	6	308149	94881
ORDER	159	1	1202775	1611870	25	8	337468	12925
ORDER	160	9	2623125	3034553	25	5	723415	60734
ORDER	161	0	100674	518321	84	22	145291	53716
ORDER	162	9	2345849	2607537	71	27	223839	18637
ORDER	163	5	412496	858148	23	4	468403	52857
ORDER	164	5	1799523	2186242	41	11	388707	53580
ORDER	165	9	2021533	2564593	2	2	459872	69246
ORDER	166	0	2167358	2433784	60	15	660815	59473
ORDER	167	4	1775401	2358470	74	15	418022	326146
ORDER	168	7	2860637	3456743	50	23	445539	97397
ORDER	169	2	1848715	2683222	98	22	549903	84756
ORDER	170	6	899813	1357524	5	1	164420	10560
ORDER	171	9	796079	1190676	30	12	647033	13692
ORDER	172	5	1906541	2183505	52	3	403453	76676
ORDER	173	1	386861	1005595	41	3	279102	87468
ORDER	174	8	470791	856536	33	7	663049	65961
ORDER	175	0	3336491	3654544	2	2	126201	23340
ORDER	176	1	3102432	3406244	79	25	100000	166921
ORDER	177	8	36419	637250	83	10	480679	18181
ORDER	178	5	1649398	2117827	89	25	909944	104371
ORDER	179	1	2816362	3601990	89	38	454521	45858
ORDER	180	3	2731577	3040601	76	11	677635	271739
ORDER	181	7	70778	351251	24	11	131823	10646
ORDER	182	2	3356524	3766999	73	10	511414	117678
ORDER	183	4	339900	709821	100	29	625934	36209
ORDER	184	3	140132	427299	19	9	581499	141635
ORDER	185	5	2832618	3107622	69	27	488687	11898
ORDER	186	1	1839595	2861522	76	31	100000	14224
ORDER	187	9	2101275	2534747	24	12	419464	108043
ORDER	188	6	1814472	2122517	26	4	682595	144001
ORDER	189	6	1477736	1853742	87	23	340253	103692
ORDER	190	5	2987006	3296444	55	22	100000	16166
ORDER	191	1	1308012	1595749	77	3	479410	119698
ORDER	192	6	1267781	1543513	5	1	166623	267273
ORDER	193	7	1205691	1773897	58	29	661598	84236
ORDER	194	2	2965912	3274596	91	27	663358	81334
ORDER	195	0	2460390	2756675	45	16	433095	10028
ORDER	196	0	1825283	2311231	96	30	297803	33767
ORDER	197	6	2696130	3083921	95	2	584423	14379
ORDER	198	1	3325800	3667582	95	21	207301	98000
ORDER	199	1	1561488	1884432	49	4	793210	48112
ORDER	200	2	808028	1113309	99	14	446816	15146
ORDER	201	4	83415	376207	99	29	338502	416161
ORDER	202	9	2079009	2376025	11	2	485693	201572
ORDER	203	2	2268631	2666532	39	15	686487	61865
ORDER	204	6	1149128	1414182	68	11	487883	14020
ORDER	205	7	153564	423233	50	10	279540	67762
ORDER	206	8	2641293	3013114	82	16	800628	87818
ORDER	207	7	785296	1329705	93	21	323566	67668
ORDER	208	4	1176982	1674524	70	24	100000	309185
ORDER	209	9	439349	826726	68	24	353212	9940
ORDER	210	2	880066	1227639	57	19	708457	90711
ORDER	211	5	907035	1361324	90	9	352933	9243
ORDER	212	9	414638	705912	41	5	359555	84282
ORDER	213	0	87883	647454	94	29	461824	35271
ORDER	214	8	2456483	2851360	15	2	482842	11664
ORDER	215	0	2528149	2986410	5	2	391095	19336
ORDER	216	5	2589987	2903657	95	9	100000	165976
ORDER	217	5	554827	868038	25	12	679886	67889
ORDER	218	8	3030006	3602127	88	1	568369	69316
ORDER	219	8	2608423	2934362	85	26	410905	56440
ORDER	220	0	3261874	3579650	20	1	431885	38214
ORDER	221	1	1428268	1973293	81	4	351655	27088
ORDER	222	7	1703094	1964513	35	9	536798	38568
ORDER	223	6	1984433	2284117	72	29	100000	35924
ORDER	224	3	3144085	3526117	57	8	425315	351129
ORDER	225	0	1005127	1369221	49	16	100000	35379
ORDER	226	0	2994516	3305894	65	12	100000	15275
ORDER	227	2	3436682	3897744	74	38	426233	63117
ORDER	228	1	2669917	2977887	31	12	386145	66455
ORDER	229	8	3414137	3816275	51	22	812765	12775
ORDER	230	7	2136925	2616323	40	2	824489	21842
ORDER	231	2	2065592	2779095	88	44	298353	65870
ORDER	232	8	1266270	1787615	96	48	558542	35225
ORDER	233	9	1155646	1473720	31	6	716772	139917
ORDER	234	9	2281496	3083476	60	20	867293	156488
ORDER	235	3	1187430	1507962	88	22	604750	162618
ORDER	236	6	2341101	2627132	35	3	484065	222103
ORDER	237	6	3225264	3602495	25	1	372619	33571
ORDER	238	2	3147756	3668416	91	4	678432	122771
ORDER	239	6	741247	1053006	76	33	714980	82031
ORDER	240	7	1906715	2386069	29	11	444376	54250
ORDER	241	2	2739189	3662342	13	2	339908	14465
ORDER	242	0	164496	468169	11	6	202148	10291
ORDER	243	3	1115180	1507898	7	1	624337	16072
ORDER	244	6	10832	668940	76	32	680717	16137
ORDER	245	8	1351692	1668313	95	47	345160	113473
ORDER	246	0	3132737	3652745	38	14	324403	181129
ORDER	247	2	2408595	2718767	69	24	430023	59723
ORDER	248	2	741651	1025161	5	3	100000	120929
ORDER	249	4	1577281	1933915	27	4	306055	13004
ORDER	250	0	344812	746912	20	11	452476	178611
ORDER	251	4	2284200	2588132	55	15	581904	271167
ORDER	252	7	2896027	3173952	11	6	688375	301502
ORDER	253	9	149507	570219	22	10	476189	40585
ORDER	254	9	2262332	2528884	95	33	414873	14819
ORDER	255	9	426913	737217	23	6	368373	323579
ORDER	256	4	1107872	1368068	31	7	100000	37662
ORDER	257	1	1357852	1692438	10	3	268391	10404
ORDER	258	4	98719	418216	80	40	391388	73069
ORDER	259	1	3296024	3596797	49	23	811990	59011
ORDER	260	0	2521217	2787549	49	13	571141	190668
ORDER	261	3	1562074	1948977	63	14	530244	27117
ORDER	262	2	988276	1333647	47	9	368987	36648
ORDER	263	4	1780620	2234479	8	5	345140	38166
ORDER	264	7	63100	405210	23	1	507967	138207
ORDER	265	3	21303	297051	38	15	248458	143426
ORDER	266	5	345897	646614	17	8	100000	17232
ORDER	267	7	2932754	3205249	8	2	181188	99253
ORDER	268	5	119993	585511	24	10	167915	9525
ORDER	269	6	3133449	3792332	29	3	646854	38500
ORDER	270	0	2618991	2934575	60	16	280957	56952
ORDER	271	6	1809622	2218670	61	3	357821	39473
ORDER	272	7	376042	653558	23	4	827902	174954
ORDER	273	5	202386	783853	32	2	802008	27887
ORDER	274	2	1607040	1880661	87	20	481015	30482
ORDER	275	6	1258840	1544599	11	3	660813	20094
ORDER	276	4	524419	826936	9	1	315659	31550
ORDER	277	3	863143	1216137	59	30	817061	36649
ORDER	278	5	2607345	3032371	88	37	210417	174003
ORDER	279	4	544240	1071622	51	17	666803	86192
ORDER	280	3	3224024	3622402	26	10	717123	97321
ORDER	281	8	2573648	2986835	7	2	335060	170372
ORDER	282	0	1581428	2019758	49	21	100000	42774
ORDER	283	1	1478150	1745868	14	8	601028	17885
ORDER	284	3	1963426	2293331	86	33	966370	155298
ORDER	285	9	1938829	2300395	99	42	727128	89792
ORDER	286	1	443710	825443	93	17	199557	72732
ORDER	287	3	1665960	2106490	65	6	699417	61693
ORDER	288	9	2048357	2314049	10	1	100000	69692
ORDER	289	4	3202517	3752161	78	2	377565	155724
ORDER	290	7	1432771	1855378	55	26	100000	72296
ORDER	291	9	2625058	3261052	13	6	642184	32519
ORDER	292	2	2056610	2348808	17	2	356484	24535
ORDER	293	3	1264080	1646266	78	27	100000	158757
ORDER	294	0	2727681	3038970	37	7	187289	16769
ORDER	295	0	2402922	2778798	97	17	830828	116377
ORDER	296	2	3095836	3719040	1	1	1000000	48858
ORDER	297	0	1052258	1445571	70	28	306873	16724
ORDER	298	6	453612	714258	9	4	633246	9547
ORDER	299	5	1689490	2083868	19	4	245291	78163
ORDER	300	4	2743862	3037039	30	13	370127	157445
ORDER	301	6	2369508	2647906	45	8	659330	88237
ORDER	302	2	2728879	3443859	5	3	436644	117440
ORDER	303	6	116015	534451	99	32	416259	150654
ORDER	304	4	1067929	1456516	82	33	310816	52194
ORDER	305	2	178263	511033	30	4	751097	12911
ORDER	306	7	497926	935277	5	2	557112	10898
ORDER	307	5	559947	838248	3	2	626410	49669
ORDER	308	4	110690	384034	21	2	620643	64798
ORDER	309	2	3190330	3461340	16	4	694856	42014
ORDER	310	6	3045379	3316740	22	1	618395	103149
ORDER	311	7	2126362	2409623	14	8	333227	126140
ORDER	312	7	3278699	3759175	90	28	841146	40061
ORDER	313	5	3157569	3714594	62	8	954032	10208
ORDER	314	1	2389175	2758294	83	37	460218	28003
ORDER	315	7	2178373	2840783	84	28	416336	22621
ORDER	316	3	1451636	1715178	73	23	510975	151455
ORDER	317	2	712805	1114762	82	18	458105	15462
ORDER	318	1	1895901	2249847	27	5	565771	73798
ORDER	319	0	2928409	3329315	22	4	748435	132519
ORDER	320	8	3313231	3723135	62	27	374309	161909
ORDER	321	7	388315	698214	22	12	338819	89063
ORDER	322	7	3036731	3313744	42	12	100000	31379
ORDER	323	5	3293089	3573532	10	3	311377	24279
ORDER	324	2	3013373	3303175	33	1	366403	129508
ORDER	325	5	660340	947424	98	41	919829	63334
ORDER	326	1	1498381	1936603	71	35	658140	40798
ORDER	327	1	442413	709873	52	23	478022	38014
ORDER	328	4	2798763	3068181	66	31	494499	111898
ORDER	329	1	750586	1251991	88	7	454915	46994
ORDER	330	0	1922102	2205347	85	22	586608	172351
ORDER	331	2	1888850	2288279	59	19	536349	49127
ORDER	332	8	1617504	1894919	18	3	100000	237139
ORDER	333	3	1927715	2214308	34	4	345375	165745
ORDER	334	0	2578693	2982051	12	5	355113	139016
ORDER	335	0	1339127	1615480	46	15	390926	41035
ORDER	336	6	2146905	2431465	32	9	710835	143319
ORDER	337	2	2384172	2668650	37	4	940679	14596
ORDER	338	0	698142	1006638	54	19	985292	82733
ORDER	339	6	2432153	2748419	26	6	683655	41554
ORDER	340	3	1123358	1520025	28	2	1000000	187826
ORDER	341	6	1567183	1918912	23	10	519560	30447
ORDER	342	1	522131	892078	38	1	650766	155528
ORDER	343	3	1381331	1956642	100	27	380013	189737
ORDER	344	5	149388	684540	12	5	377034	92005
ORDER	345	2	1794216	2383531	80	31	440406	52568
ORDER	346	3	2924311	3193910	68	17	443499	32297
ORDER	347	1	1655471	2033877	29	8	363164	44830
ORDER	348	4	1504837	1943301	34	14	347038	75005
ORDER	349	1	2945562	3234616	90	20	608674	304518
ORDER	350	6	179850	440220	17	3	487245	43420
ORDER	351	6	499932	833755	45	17	333557	8813
ORDER	352	6	295901	627380	74	6	386064	37229
ORDER	353	0	2693204	2977874	82	32	453047	163866
ORDER	354	6	2766449	3128069	36	14	430717	88365
ORDER	355	3	2939744	3251611	38	8	379696	13421
ORDER	356	1	1717171	1990160	45	12	407692	74315
ORDER	357	8	901106	1577058	27	6	493463	214032
ORDER	358	3	2101762	2444405	73	25	869136	13050
ORDER	359	0	917412	1256082	100	39	219973	110229
ORDER	360	0	3418919	3756960	88	13	336319	39344
ORDER	361	8	2314501	2691245	64	17	690158	38197
ORDER	362	9	1867389	2285052	88	33	721318	96653
ORDER	363	0	1393175	1737349	79	7	100000	28467
ORDER	364	7	625844	1042536	74	19	111067	98848
ORDER	365	8	3128179	3707255	41	14	572161	57573
ORDER	366	6	3416012	3682517	59	6	170475	291126
ORDER	367	8	259346	627247	27	1	100000	146059
ORDER	368	2	1963971	2368056	47	14	341090	78973
ORDER	369	3	1008851	1338462	91	30	100000	29212
ORDER	370	6	811076	1243329	71	23	100000	54013
ORDER	371	6	1129254	1646638	43	20	196462	19010
ORDER	372	8	582290	917294	81	18	339227	9677
ORDER	373	7	1561830	1836775	83	32	689425	173537
ORDER	374	3	2802846	3464590	49	18	370470	24129
ORDER	375	3	2530195	2802459	48	23	625120	40811
ORDER	376	0	467919	743451	47	22	322398	20370
ORDER	377	3	1811252	2074714	31	16	503103	151472
ORDER	378	4	399738	703689	50	17	579361	85356
ORDER	379	6	936817	1245017	74	23	654936	26504
ORDER	380	5	1472672	1841288	68	9	424248	116187
ORDER	381	2	567632	984314	9	5	516307	15772
ORDER	382	3	2276528	2627512	2	2	960098	19209
ORDER	383	5	2147401	2670049	17	7	100000	82202
ORDER	384	7	709448	1599532	53	16	410291	20215
ORDER	385	5	1288419	1635857	22	12	449862	108743
ORDER	386	5	154434	517791	1	1	551662	50648
ORDER	387	8	2439967	2737498	23	11	416675	52824
ORDER	388	5	2834267	3260648	61	27	699256	56429
ORDER	389	8	2266577	2575256	54	4	100000	158558
ORDER	390	7	3146323	3441836	30	12	557417	50452
ORDER	391	1	385434	704874	89	7	619450	20216
ORDER	392	9	3164112	3427312	42	21	589590	97107
ORDER	393	4	2517434	2982952	49	24	100000	12819
ORDER	394	3	1561970	1904085	43	1	340942	48012
ORDER	395	0	2262913	2646258	56	10	563213	79906
ORDER	396	4	1510876	1846221	64	5	232934	100172
ORDER	397	9	566821	1233548	43	20	100000	152941
ORDER	398	1	2078913	2482395	69	14	456143	57480
ORDER	399	8	3162357	3866893	19	10	775343	134500
ORDER	400	6	1933996	2352920	6	4	772302	33131
ORDER	401	5	3054701	3803038	65	15	370125	203904
ORDER	402	8	2287237	2583577	100	38	723191	46391
ORDER	403	5	672917	999553	85	19	157359	47985
ORDER	404	4	977920	1445829	37	19	605074	38385
ORDER	405	1	2294602	2731545	27	7	527942	295198
ORDER	406	3	785298	1075133	16	7	570642	89794
ORDER	407	2	217484	776076	17	1	707888	21055
ORDER	408	6	3436773	3729750	4	2	722425	83438
ORDER	409	3	2501561	2914295	80	17	359243	46555
ORDER	410	6	163299	511167	26	9	1000000	180152
ORDER	411	2	321064	604394	40	11	814266	78494
ORDER	412	3	3291569	3709619	59	4	100000	19952
ORDER	413	2	384359	715171	38	9	822195	165677
ORDER	414	2	1373665	1635784	55	1	822622	108431
ORDER	415	5	3159503	3486524	51	1	804129	10434
ORDER	416	7	2878069	3635115	43	4	554406	59543
ORDER	417	4	2725779	3404350	98	12	355320	42483
ORDER	418	7	283714	688835	37	9	563201	42909
ORDER	419	5	2572141	2905701	68	24	499005	94513
ORDER	420	7	2880038	3184949	93	13	671614	244729
ORDER	421	0	1956005	2368950	3	1	749500	50513
ORDER	422	2	2052394	2539622	97	34	400572	20195
ORDER	423	3	3144607	3599332	33	14	1000000	265401
ORDER	424	6	2993688	3407379	51	10	561485	18227
ORDER	425	3	1365562	1698791	94	14	747176	16285
ORDER	426	1	2509809	2858458	64	3	450827	403047
ORDER	427	4	3246655	3588838	73	3	713190	74912
ORDER	428	5	2381086	2666721	73	5	416390	225592
ORDER	429	9	2167140	2490637	54	26	219377	232835
ORDER	430	7	1275535	1936980	35	12	100000	9600
ORDER	431	2	375787	877019	18	3	991329	79348
ORDER	432	1	1398885	1776402	97	18	825428	62793
ORDER	433	2	2091200	2397471	75	16	485217	47777
ORDER	434	1	2420699	2830708	5	3	250573	21468
ORDER	435	5	2429765	2805960	90	26	363018	69873
ORDER	436	9	2710645	3262187	50	6	552719	91070
ORDER	437	2	1131177	1425525	9	5	624160	54041
ORDER	438	4	3315779	3581555	52	16	672250	18106
ORDER	439	3	2342580	2611268	21	4	579969	35390
ORDER	440	6	2174234	2507761	68	17	607999	31846
ORDER	441	9	2339756	2636277	8	2	773399	35376
ORDER	442	9	873077	1210608	29	3	504661	71055
ORDER	443	4	70059	380613	67	33	852671	133814
ORDER	444	6	1028378	1386640	64	7	100000	97211
ORDER	445	6	1517915	1903047	36	17	559526	19721
ORDER	446	9	1171134	2368967	69	9	741212	11101
ORDER	447	1	1796020	2110951	79	40	927284	11879
ORDER	448	3	1398624	1894745	3	2	379126	9206
ORDER	449	7	65401	355367	42	2	932342	12872
ORDER	450	6	540571	802075	37	17	455287	51779
ORDER	451	6	1536212	1966138	7	4	744449	285634
ORDER	452	9	3254708	3673532	16	3	427135	96988
ORDER	453	5	1142260	1476386	42	2	1000000	45119
ORDER	454	5	1090061	1628511	74	16	429966	216974
ORDER	455	3	3057430	3389192	61	24	578585	107338
ORDER	456	4	304557	740092	28	13	207251	110490
ORDER	457	4	1529854	1983503	14	8	566415	14142
ORDER	458	0	2416069	2704010	14	4	319393	76064
ORDER	459	5	1580344	2040095	38	18	396915	19020
ORDER	460	7	136119	494255	38	9	588849	158745
ORDER	461	0	333564	608053	79	12	450118	27153
ORDER	462	6	1982939	2256176	95	40	771712	11933
ORDER	463	7	3079577	3413442	85	4	720707	544214
ORDER	464	9	726008	1004166	66	23	664264	27535
ORDER	465	2	1685024	2034921	97	41	300586	45249
ORDER	466	2	105407	511862	58	16	227358	140855
ORDER	467	5	3422691	3921766	38	13	487424	107581
ORDER	468	0	1586702	2294975	42	17	214072	97454
ORDER	469	9	2063171	2409723	92	30	476524	18986
ORDER	470	7	2041222	2377912	27	1	492419	276593
ORDER	471	1	1709088	1997921	29	13	100000	14128
ORDER	472	6	2017421	2420794	22	3	572665	18792
ORDER	473	8	2132763	2963389	16	2	511406	64636
ORDER	474	3	2968732	3294324	66	25	551092	60314
ORDER	475	0	894602	1291869	3	2	741174	204959
ORDER	476	6	24976	392670	66	8	334866	112125
ORDER	477	1	1097388	1483663	37	8	761180	211233
ORDER	478	5	1601752	1917433	79	22	386033	61238
ORDER	479	9	1025184	1317292	78	32	100000	62117
ORDER	480	9	458755	1030366	49	20	740288	47859
ORDER	481	3	3312591	3675677	44	19	759741	81023
ORDER	482	8	725952	985711	47	22	530891	104809
ORDER	483	4	424593	983933	28	8	315645	18551
ORDER	484	4	2217311	3028092	92	25	379399	26546
ORDER	485	6	116840	463847	66	15	145113	57497
ORDER	486	1	2837699	3107668	67	17	187474	8902
ORDER	487	1	1649387	1963805	36	8	100000	177636
ORDER	488	5	2563202	2898563	83	16	513517	357538
ORDER	489	5	1364298	2201233	5	3	1000000	28972
ORDER	490	5	2694705	3019942	34	17	230185	14631
ORDER	491	3	1066174	1358467	45	13	172572	92105
ORDER	492	2	1677050	2097650	42	17	363907	26107
ORDER	493	0	175000	518209	84	2	533017	46834
ORDER	494	8	997100	1697231	38	13	484992	48173
ORDER	495	4	1535896	1879971	6	3	100000	106640
ORDER	496	9	2948473	3287928	53	4	176339	198450
ORDER	497	7	1799897	2093307	10	3	774521	248801
ORDER	498	4	2859974	3197839	11	3	353952	112749
ORDER	499	4	915489	1182195	65	6	799680	101245
ORDER	500	6	1845107	2363570	5	3	257381	206006
ORDER	501	4	1548691	1853617	95	36	848235	83595
ORDER	502	6	1181663	1541689	15	5	346517	25081
ORDER	503	2	2388876	2657332	97	15	454555	15696
ORDER	504	9	1367922	1736045	45	3	477067	75421
ORDER	505	8	2847358	3111792	80	41	644751	124803
ORDER	506	2	2450943	2897666	64	3	407211	87356
ORDER	507	6	4532	370589	47	23	647306	164195
ORDER	508	2	809102	1159420	58	14	652056	52835
ORDER	509	8	718938	1340938	99	25	433034	20534
ORDER	510	8	1678511	1945160	39	13	340926	12278
ORDER	511	2	442761	877521	31	1	1000000	80262
ORDER	512	5	2740996	3207778	32	2	501906	41802
ORDER	513	5	2358121	2713687	60	12	244141	64469
ORDER	514	1	1844720	2146318	8	2	340428	40829
ORDER	515	2	173980	558869	34	4	289952	16369
ORDER	516	1	1307167	1700989	16	1	188259	14505
ORDER	517	5	2427866	2949899	64	29	330022	56703
ORDER	518	0	335070	637989	95	12	124583	15040
ORDER	519	5	1027747	1293034	21	2	525279	44565
ORDER	520	7	2010771	2730189	88	6	1000000	10593
ORDER	521	3	2123752	2385370	82	30	685562	15923
ORDER	522	2	276637	664389	52	12	100000	20948
ORDER	523	4	1227369	1672612	93	37	828048	167424
ORDER	524	8	570959	1028527	42	4	1000000	29856
ORDER	525	8	2972270	3369713	76	28	236984	62652
ORDER	526	2	700288	1006167	8	3	1000000	75668
ORDER	527	9	335761	666836	19	8	560241	40858
ORDER	528	3	285366	679087	90	17	467342	29224
ORDER	529	8	2061150	2439020	56	27	529562	58281
ORDER	530	2	1092286	1487795	45	22	373113	263308
ORDER	531	2	725847	1111369	24	11	446010	52117
ORDER	532	8	2185515	2524924	14	3	388465	170708
ORDER	533	1	2437339	2776176	3	1	100000	67639
ORDER	534	9	2369034	2651341	99	3	248304	18902
ORDER	535	6	2370150	3120228	40	4	933696	67672
ORDER	536	1	3103265	3576016	48	3	894017	33758
ORDER	537	6	1150554	1463884	47	8	209310	51997
ORDER	538	5	1508163	1812839	63	1	406194	25629
ORDER	539	0	1886101	2731570	2	2	355641	10926
ORDER	540	5	2003201	2467602	31	3	696206	91995
ORDER	541	8	2436690	2712730	93	30	877464	174942
ORDER	542	3	2474578	2760967	44	5	795426	39844
ORDER	543	2	299719	783830	46	15	506645	29547
ORDER	544	3	1805893	2147177	49	19	152686	126568
ORDER	545	5	1190395	1510237	4	2	518722	28972
ORDER	546	8	3082654	3370091	59	19	687188	14228
ORDER	547	4	1770328	2113033	40	16	420237	78324
ORDER	548	0	3296366	3672692	15	2	881937	38839
ORDER	549	7	2681388	2955505	36	17	820523	73436
ORDER	550	8	3223434	3826323	28	10	541670	42700
ORDER	551	9	1541418	1861375	7	2	951196	21796
ORDER	552	9	570243	872213	66	10	473647	26924
ORDER	553	4	3204353	3481675	45	3	978350	33210
ORDER	554	5	2208642	2673776	58	23	227393	30412
ORDER	555	5	772273	1100620	71	21	487594	143854
ORDER	556	4	819960	1174558	99	5	472927	29526
ORDER	557	9	2427384	2693624	28	8	548191	88506
ORDER	558	9	1573724	1852703	55	28	532876	44965
ORDER	559	4	689109	1274581	14	6	100625	70745
ORDER	560	4	1543938	1903999	73	18	248866	117471
ORDER	561	3	2757216	3075731	10	3	157196	120890
ORDER	562	3	3220890	3572713	13	2	659893	41986
ORDER	563	5	2206254	2552494	31	11	1000000	117388
ORDER	564	5	3029158	3387551	22	1	435723	37279
ORDER	565	4	1877381	2293224	40	7	165311	23409
ORDER	566	3	1128263	1576834	8	5	555163	41384
ORDER	567	0	2156181	2603142	86	13	100000	16921
ORDER	568	6	668822	947627	80	16	445060	91248
ORDER	569	3	583159	1081508	67	7	339064	263703
ORDER	570	4	829552	1189112	8	4	100000	36699
ORDER	571	8	2943216	3232696	37	7	696699	46288
ORDER	572	1	218083	485647	60	22	598226	37799
ORDER	573	8	3182585	3620312	75	3	100000	20560
ORDER	574	6	143240	419165	47	11	288450	106631
ORDER	575	7	2360233	2629563	81	3	693587	219514
ORDER	576	8	1543323	1885821	92	25	404772	26913
ORDER	577	4	182737	1040587	4	3	315052	9318
ORDER	578	2	2397760	2811119	24	3	673813	124216
ORDER	579	9	328600	609046	11	1	816301	138351
ORDER	580	3	950770	1478183	81	4	610778	221633
ORDER	581	6	1277237	1720823	39	8	159392	25467
ORDER	582	5	3455545	3721548	12	6	150947	81125
ORDER	583	3	783091	1055180	48	4	309546	18300
ORDER	584	9	1648425	2572698	49	16	372578	32989
ORDER	585	8	188665	985205	8	3	635476	239978
ORDER	586	7	2954911	3338396	20	8	460085	89088
ORDER	587	4	1117918	1846573	38	17	867203	41697
ORDER	588	5	2157561	2487604	54	6	579833	54510
ORDER	589	6	2837068	3143244	64	15	329125	33415
ORDER	590	3	3114564	3430921	24	10	470933	14820
ORDER	591	3	2460565	3111748	88	36	296244	16772
ORDER	592	4	1160229	1509935	28	9	930826	173246
ORDER	593	7	252021	678262	100	49	295746	191855
ORDER	594	7	1049835	2007880	95	23	518850	157811
ORDER	595	4	1770778	2113566	90	39	1000000	20864
ORDER	596	4	3402002	3784763	49	21	100000	176671
ORDER	597	1	2109889	2466136	49	5	762692	51989
ORDER	598	6	2526189	2869070	43	16	397693	61765
ORDER	599	8	1546984	1958916	50	26	573230	247332
ORDER	600	6	3000166	3308603	41	2	100000	130590
ORDER	601	2	1809514	2142607	65	16	778530	240211
ORDER	602	6	655030	937599	19	2	494507	18324
ORDER	603	9	2301520	2779856	50	1	1000000	55560
ORDER	604	1	2047035	2306588	60	25	889074	45662
ORDER	605	2	1534311	1969175	69	9	424890	38387
ORDER	606	4	2873163	3295059	75	4	485997	136332
ORDER	607	4	1616761	2113343	71	8	479967	55419
ORDER	608	1	1305905	1655006	22	6	596592	44645
ORDER	609	5	2820097	3248021	26	8	614134	17823
ORDER	610	4	109784	1062533	82	13	622618	37800
ORDER	611	9	1449920	1864862	80	23	276569	166639
ORDER	612	0	2178965	2468898	79	23	191119	148160
ORDER	613	2	3348880	4169455	72	28	910097	68972
ORDER	614	9	769662	1167477	13	3	732267	106576
ORDER	615	0	2859148	3126007	39	3	500895	41055
ORDER	616	8	3396440	3816233	14	8	647665	245136
ORDER	617	1	942056	1354773	53	19	297258	72254
ORDER	618	8	430627	756614	67	26	513857	135617
ORDER	619	1	2467667	2749147	100	16	998769	69570
ORDER	620	8	2582548	2854102	35	16	817232	134201
ORDER	621	8	2857039	3396077	59	11	487094	98273
ORDER	622	4	1061418	1484503	78	9	682278	90356
ORDER	623	9	227244	540030	7	1	322624	245032
ORDER	624	1	672132	970764	17	3	652008	33215
ORDER	625	1	2667172	3153239	24	9	717787	246612
ORDER	626	8	2072785	2488356	75	2	1000000	38789
ORDER	627	5	388490	698852	99	13	328239	59122
ORDER	628	6	2459284	2825420	77	37	873062	21483
ORDER	629	9	926201	1384199	34	2	159129	132294
ORDER	630	0	2593736	2863575	27	7	495163	19184
ORDER	631	3	579564	854357	38	15	645567	57817
ORDER	632	0	3012755	3415457	69	11	477001	185787
ORDER	633	4	3106280	3442721	100	30	393860	151667
ORDER	634	7	1939084	2248689	35	5	917347	27994
ORDER	635	1	2956282	3242038	57	14	716590	29839
ORDER	636	9	2467452	2747599	14	1	588987	89296
ORDER	637	6	2707593	3373087	62	28	157885	26982
ORDER	638	3	106826	661942	11	6	423892	200201
ORDER	639	9	891456	1173713	46	4	218425	17094
ORDER	640	5	1809145	2124888	47	15	407145	34949
ORDER	641	6	103481	686950	9	4	1000000	10102
ORDER	642	9	3363944	3757509	41	14	512910	8980
ORDER	643	2	2694900	3242002	29	11	469057	45675
ORDER	644	9	1790923	2575152	47	22	549757	37663
ORDER	645	2	996118	1429908	76	28	836502	32410
ORDER	646	5	1082393	1873899	89	7	241113	43933
ORDER	647	1	788108	1237117	74	25	651595	81853
ORDER	648	6	2941595	3536484	58	18	759266	24981
ORDER	649	0	1646362	2392045	17	2	583682	72755
ORDER	650	6	1026930	1289654	16	9	342640	210224
ORDER	651	8	449572	756574	48	20	100000	40294
ORDER	652	4	2558910	2938268	78	21	506735	45581
ORDER	653	2	472490	996065	97	39	555075	43151
ORDER	654	4	2962413	3330914	44	2	687193	35366
ORDER	655	9	188729	467167	45	22	250122	49987
ORDER	656	0	1484384	1953231	29	10	249260	17305
ORDER	657	7	1194360	1456203	60	19	975454	75685
ORDER	658	9	945221	1463531	20	1	443425	98781
ORDER	659	4	191791	503357	60	19	620251	20597
ORDER	660	2	2034919	2362854	84	32	220630	199053
ORDER	661	6	1945867	2242430	9	3	761842	58356
ORDER	662	7	1071446	1406496	79	5	815144	127529
ORDER	663	2	105163	471695	86	19	293570	79701
ORDER	664	0	436696	774348	73	10	728637	202272
ORDER	665	4	2700871	3203796	13	3	596596	13568
ORDER	666	8	1174414	1517353	8	3	761324	143000
ORDER	667	4	88130	668772	69	14	494381	97197
ORDER	668	4	3165533	3431305	31	2	606048	90695
ORDER	669	7	2380075	2669905	32	17	456108	52474
ORDER	670	1	2339495	2646685	80	19	788078	30078
ORDER	671	8	1840509	2117468	29	13	260203	92062
ORDER	672	1	1542426	1826220	66	14	260826	35100
ORDER	673	9	1963981	2291181	68	4	496850	189959
ORDER	674	9	2043337	2615150	20	11	136115	33826
ORDER	675	6	724957	1026998	21	2	366098	49616
ORDER	676	2	2699744	2959878	20	11	332035	148534
ORDER	677	2	2503950	2827171	35	13	609044	135302
ORDER	678	8	307131	898618	27	9	638588	133481
ORDER	679	0	103548	500429	67	5	982312	45135
ORDER	680	7	721165	994493	66	24	346239	60287
ORDER	681	4	377547	639046	66	1	732610	73620
ORDER	682	7	2757189	3315804	46	23	663454	49838
ORDER	683	5	2055086	2496953	99	3	100000	250224
ORDER	684	6	877674	1443669	27	6	881756	185138
ORDER	685	2	1175954	1453618	14	3	723231	51728
ORDER	686	6	2965873	3249079	21	3	100000	13751
ORDER	687	7	3015116	3302528	74	14	322330	159300
ORDER	688	9	1967952	2336347	41	15	537472	35718
ORDER	689	7	3013878	3447447	1	1	589629	100705
ORDER	690	2	3215702	3738098	59	17	261902	64422
ORDER	691	2	3155371	3530674	85	2	544495	95020
ORDER	692	4	2309784	2599683	11	3	664604	16363
ORDER	693	6	162101	430651	58	14	315892	19712
ORDER	694	0	1845545	2330912	39	16	369405	176949
ORDER	695	0	1414909	1774949	59	7	636640	80697
ORDER	696	3	660906	1029367	38	7	207492	11911
ORDER	697	8	2494233	2905670	46	22	925128	92145
ORDER	698	3	1334975	1674079	75	7	421166	70269
ORDER	699	4	515113	822188	14	6	216616	211658
ORDER	700	1	2239562	2734188	5	1	608986	172435
ORDER	701	5	2741094	3304531	93	22	448301	55008
ORDER	702	4	3228123	3686836	96	41	284047	35252
ORDER	703	7	2714098	3042486	31	14	326679	68496
ORDER	704	4	973868	1326125	51	12	472464	128901
ORDER	705	9	3091333	3523053	77	7	100000	21341
ORDER	706	2	1259710	1599496	58	22	525716	57324
ORDER	707	9	1028465	1617459	39	18	853065	39643
ORDER	708	7	1660920	1944584	58	21	129831	243739
ORDER	709	9	17939	433137	41	9	394402	107384
ORDER	710	9	1774573	2413269	52	15	700217	161277
ORDER	711	3	2834883	3326818	27	3	562425	202527
ORDER	712	5	2433999	2696954	80	34	100000	38980
ORDER	713	3	951462	1223359	28	5	286778	44565
ORDER	714	0	3009165	3781242	11	2	541135	384996
ORDER	715	5	827760	1241140	58	13	366830	138240
ORDER	716	4	3379574	3708448	41	9	651226	172372
ORDER	717	8	1718075	2060856	50	7	363112	9986
ORDER	718	8	538939	806764	62	9	900308	52104
ORDER	719	7	2313412	2701048	62	2	100000	119464
ORDER	720	9	2530204	2832541	38	14	276012	54886
ORDER	721	6	726727	1121332	99	25	208290	26476
ORDER	722	0	3185884	3462123	78	18	1000000	111465
ORDER	723	5	795766	1058044	43	14	930657	78041
ORDER	724	0	1729492	2190259	81	23	422131	145722
ORDER	725	6	2000485	2439227	25	9	100000	103682
ORDER	726	0	1212051	1601961	61	21	454598	156706
ORDER	727	4	2121125	2445711	8	1	854380	56690
ORDER	728	0	1158731	1558076	60	2	814792	21362
ORDER	729	7	1002474	1298442	29	12	100000	111007
ORDER	730	7	1478958	1760575	11	4	523246	140187
ORDER	731	9	54322	447962	67	30	600629	241589
ORDER	732	5	434315	826118	2	1	241598	159470
ORDER	733	0	3002548	3970803	99	14	318882	13933
ORDER	734	3	552576	867376	10	2	369824	128071
ORDER	735	7	2343804	2649507	91	18	738030	96740
ORDER	736	0	543195	890679	42	9	653262	72821
ORDER	737	7	640470	1151508	45	21	188915	39788
ORDER	738	4	2818073	3327740	6	3	690808	191712
ORDER	739	9	2114230	2383897	13	3	244382	75025
ORDER	740	2	1435467	1725358	46	16	637406	91284
ORDER	741	1	671646	1266105	47	2	518416	9162
ORDER	742	9	566546	1046768	65	26	492992	48569
ORDER	743	5	1097378	1361388	18	4	294713	109011
ORDER	744	0	304765	594486	31	3	379136	43747
ORDER	745	5	3139795	3414289	17	9	181229	34766
ORDER	746	6	458801	874656	27	8	363215	93426
ORDER	747	2	629953	911963	24	6	468057	206135
ORDER	748	1	2313048	2585101	3	1	571898	16112
ORDER	749	5	236996	795929	91	37	493582	69245
ORDER	750	9	952939	1248721	4	3	369970	48271
ORDER	751	8	1918769	2319049	85	7	225315	92803
ORDER	752	0	376599	906637	59	27	673555	32541
ORDER	753	9	1937375	2601567	88	29	223076	44569
ORDER	754	6	1861471	2235348	64	30	276023	66371
ORDER	755	1	1672907	2057860	17	1	148313	33986
ORDER	756	4	898001	1303691	40	6	653086	74768
ORDER	757	5	2408953	2706057	38	16	100000	195216
ORDER	758	8	1868254	2244312	46	18	411977	168556
ORDER	759	3	104094	526076	67	5	187486	48607
ORDER	760	1	2888365	3258887	88	20	706012	117907
ORDER	761	6	12734	457744	77	1	1000000	83811
ORDER	762	0	771475	1096608	32	17	564853	77041
ORDER	763	1	1049573	1412011	40	8	733813	9455
ORDER	764	8	2935374	3486898	59	28	520512	60982
ORDER	765	2	3112610	4142300	11	2	563744	183273
ORDER	766	4	2528386	2888131	30	9	521065	31328
ORDER	767	4	2353066	2741749	33	16	659893	425757
ORDER	768	7	2375771	2644715	81	40	829030	9042
ORDER	769	5	1209948	1607589	45	22	592264	115925
ORDER	770	1	1214833	1705775	16	4	795931	226993
ORDER	771	0	3151699	3587779	61	8	576076	30241
ORDER	772	4	2685208	3085011	19	5	1000000	197745
ORDER	773	9	2022772	2407545	50	4	421387	12726
ORDER	774	6	606721	917622	53	26	317371	84948
ORDER	775	7	3028779	3334618	79	31	170102	151312
ORDER	776	0	334251	616938	6	3	390673	12602
ORDER	777	2	2427985	2823790	92	24	304828	78568
ORDER	778	1	1828551	2293974	7	4	100000	150714
ORDER	779	5	1706193	2015449	55	18	285515	91971
ORDER	780	8	1089937	1551867	21	4	841862	80134
ORDER	781	2	2992613	3352341	22	8	468830	174835
ORDER	782	7	2025826	2345370	17	2	514966	54708
ORDER	783	2	2345977	2884782	86	14	524181	174313
ORDER	784	1	1970824	2372639	91	40	319023	73080
ORDER	785	1	1127443	1623238	74	1	349265	9696
ORDER	786	8	2946642	3217965	77	8	321014	193223
ORDER	787	3	3172696	4043912	92	12	679458	71124
ORDER	788	4	2082163	2411583	52	19	602672	329737
ORDER	789	8	563478	853353	29	11	417653	19753
ORDER	790	5	357421	861119	22	3	926409	21332
ORDER	791	9	2170640	2447896	100	21	100000	32111
ORDER	792	3	605622	899058	2	2	404260	94658
ORDER	793	5	716686	1239563	85	8	395650	122210
ORDER	794	0	1008574	1351871	84	41	155400	222282
ORDER	795	8	1356636	1846038	69	1	859332	16637
ORDER	796	5	1958897	2253091	94	36	382502	57405
ORDER	797	8	78476	352351	44	13	542787	221249
ORDER	798	9	2514318	3202128	82	39	100000	26510
ORDER	799	2	501687	819839	69	18	508408	9728
ORDER	800	9	1633507	2180832	59	13	568597	64555
ORDER	801	5	2131087	2735099	66	9	100000	43055
ORDER	802	8	1386503	1656426	13	2	191491	171193
ORDER	803	0	2104304	2404550	72	33	448365	239404
ORDER	804	9	151146	410674	98	19	561503	20480
ORDER	805	8	1317037	1599721	8	1	928913	11977
ORDER	806	5	559690	845342	25	3	100000	9764
ORDER	807	5	168569	605463	24	8	388847	21622
ORDER	808	3	903443	1391022	13	7	440299	96513
ORDER	809	0	1874497	2161620	41	3	235393	81364
ORDER	810	0	413122	674081	75	37	105394	32700
ORDER	811	1	3129125	3388780	78	34	424927	303665
ORDER	812	4	2357572	2772295	37	18	494218	60393
ORDER	813	6	265386	575315	13	5	354470	188005
ORDER	814	6	1474463	1843482	61	17	616965	52639
ORDER	815	6	1249934	1687787	1	1	465456	14285
ORDER	816	8	2400620	2719833	98	15	161849	25798
ORDER	817	1	1445642	1705699	54	1	370525	67220
ORDER	818	9	405941	674762	22	3	186940	54600
ORDER	819	1	1264640	2158788	87	27	181172	36744
ORDER	820	5	894021	1271601	35	12	741715	36033
ORDER	821	1	1759968	2161461	50	18	186784	87609
ORDER	822	2	166348	768770	16	8	734380	126414
ORDER	823	3	2005172	2894034	17	8	752847	21769
ORDER	824	3	1907433	2367935	46	22	518434	21121
ORDER	825	6	2880460	3160330	23	8	100000	39815
ORDER	826	9	1285126	1611276	9	1	197843	37620
ORDER	827	3	1837615	2204534	33	1	620960	18661
ORDER	828	1	1816289	2108813	22	8	620214	40140
ORDER	829	9	3036452	3477850	85	14	782123	16515
ORDER	830	9	2091653	2484977	88	27	646227	83218
ORDER	831	5	2261882	2717713	39	9	438823	90311
ORDER	832	1	3185385	3526824	14	6	100000	9127
ORDER	833	9	1836455	2154777	15	6	133930	35240
ORDER	834	6	2193684	2614682	33	17	535715	241836
ORDER	835	1	1836872	2955694	74	33	860537	213933
ORDER	836	1	1808225	2588742	36	18	548071	173326
ORDER	837	5	1563953	1943661	62	6	429851	113842
ORDER	838	3	3105889	3375853	83	11	310058	69923
ORDER	839	3	2471635	2780279	43	1	100000	157858
ORDER	840	9	2497337	2996591	57	15	374275	35477
ORDER	841	0	1416022	1740074	84	7	470482	27235
ORDER	842	4	1795162	2125311	2	2	505994	197316
ORDER	843	9	1724893	2083172	77	12	1000000	123840
ORDER	844	2	2459006	2850653	27	11	371763	158169
ORDER	845	0	331285	946238	15	4	155816	40209
ORDER	846	0	654864	981854	10	5	602800	26512
ORDER	847	0	2654084	2977236	31	9	845355	14451
ORDER	848	7	1238289	1515038	97	5	313811	408653
ORDER	849	6	1601102	1869300	2	2	452273	67629
ORDER	850	2	488098	753030	17	3	698428	21703
ORDER	851	4	2603478	3010421	4	1	550798	24494
ORDER	852	4	652237	1042008	60	12	264956	294524
ORDER	853	3	1328527	1646496	4	2	949660	137690
ORDER	854	4	159699	493443	80	37	488755	46254
ORDER	855	5	1655693	2879106	27	1	194774	84428
ORDER	856	8	2231455	2620628	57	19	404092	31622
ORDER	857	8	611612	891521	100	47	375799	35762
ORDER	858	5	2183199	2451362	11	2	612073	76009
ORDER	859	9	2595941	3474445	72	34	1000000	49385
ORDER	860	6	3220101	3552056	27	4	707931	288830
ORDER	861	0	2434308	2781732	68	12	435346	36114
ORDER	862	3	1079105	1376679	5	1	586087	107725
ORDER	863	5	2835417	3115251	77	20	100000	96308
ORDER	864	4	1126844	1394892	66	13	344281	116723
ORDER	865	7	3351126	3682753	3	1	426884	76129
ORDER	866	7	930845	1251201	50	5	846072	283929
ORDER	867	9	1324978	1667036	70	25	437172	11029
ORDER	868	6	368296	757640	61	10	237741	146803
ORDER	869	4	1053239	1395054	78	19	255414	119025
ORDER	870	2	682988	1112980	38	16	346755	57374
ORDER	871	4	608217	884975	10	5	786731	154034
ORDER	872	7	2015256	2481226	10	1	593973	9016
ORDER	873	6	2301225	2590540	83	25	100000	125966
ORDER	874	0	960009	1433101	30	4	467518	81587
ORDER	875	6	537535	916448	72	12	532284	33345
ORDER	876	9	1158285	1473308	2	1	745294	42943
ORDER	877	8	416301	1085410	8	2	819550	192104
ORDER	878	6	72176	405413	85	39	401832	66822
ORDER	879	3	2137209	2417850	61	2	221954	282680
ORDER	880	1	1991255	2342827	77	19	380348	99979
ORDER	881	0	1954358	3009193	53	12	645062	119500
ORDER	882	8	1666379	1930348	68	7	606248	15134
ORDER	883	6	3228218	3707720	27	12	437860	29474
ORDER	884	0	2596543	3116691	92	32	737629	31425
ORDER	885	5	2072459	2469877	69	35	517195	211441
ORDER	886	4	1670418	1938685	20	10	286668	95278
ORDER	887	0	2684408	3021166	6	2	386751	34223
ORDER	888	9	968014	2045549	43	2	490206	14867
ORDER	889	5	1471098	1898210	79	10	195231	66246
ORDER	890	2	702063	1109730	96	15	500505	47435
ORDER	891	6	1211282	1523562	3	1	354612	33062
ORDER	892	9	1361248	1622212	80	4	431318	43547
ORDER	893	0	466987	760939	39	9	503494	172296
ORDER	894	9	1748402	2323188	69	26	412194	33683
ORDER	895	3	2722456	3102146	100	36	357161	133039
ORDER	896	9	1339718	1630441	22	7	205045	82958
ORDER	897	2	2400167	2801849	51	13	862024	38020
ORDER	898	6	1020601	1350033	12	1	574727	111662
ORDER	899	1	1041598	1367885	58	16	526521	21263
ORDER	900	5	2552288	2830004	13	2	683874	28350
ORDER	901	2	2324316	2850066	80	7	473233	116596
ORDER	902	8	1516151	2004202	54	14	457544	79536
ORDER	903	6	3413707	3888521	59	9	675060	70606
ORDER	904	3	2114038	2421027	19	7	701896	40299
ORDER	905	0	597523	908823	55	25	317176	125647
ORDER	906	5	264868	681242	41	12	749337	15627
ORDER	907	7	3439672	3708405	20	1	569942	69369
ORDER	908	2	911952	1398988	100	21	447088	275977
ORDER	909	5	1150838	1574666	87	7	563975	221423
ORDER	910	1	768475	1118396	20	4	247964	141125
ORDER	911	6	1750584	2160546	7	3	719476	9885
ORDER	912	6	1453990	1768726	48	3	423214	10539
ORDER	913	7	3133920	3704201	52	20	999169	227637
ORDER	914	1	2907464	3269637	24	9	573187	25253
ORDER	915	7	701117	1008723	20	3	1000000	42249
ORDER	916	2	2386058	2740487	67	32	784651	55731
ORDER	917	2	2031977	2395028	73	25	1000000	270921
ORDER	918	4	438963	841919	26	12	552161	9952
ORDER	919	6	3412788	3721676	62	6	536658	239936
ORDER	920	3	1757423	2186275	5	3	400912	63991
ORDER	921	6	2406858	2935840	31	13	366936	75223
ORDER	922	7	992768	1472494	89	40	100000	157026
ORDER	923	7	1262169	1715051	19	3	292630	101681
ORDER	924	6	581973	925053	16	2	526853	258184
ORDER	925	5	2340362	2667748	94	13	445686	12777
ORDER	926	8	218336	898751	87	12	538515	100536
ORDER	927	7	309262	856308	10	6	545008	127621
ORDER	928	1	471121	848131	2	2	406560	55624
ORDER	929	4	2120707	2721148	19	7	552167	97814
ORDER	930	6	2011456	2490850	69	1	796298	64717
ORDER	931	5	3112445	3457560	96	3	349950	24892
ORDER	932	9	923834	1564122	17	6	534059	58155
ORDER	933	4	86905	444617	100	24	708745	58259
ORDER	934	0	1484492	1843304	9	4	474604	25891
ORDER	935	8	1354101	1678162	37	9	759093	25466
ORDER	936	5	3355140	3726450	66	16	424503	20323
ORDER	937	7	2573807	2926407	18	7	667459	37856
ORDER	938	6	2251765	2582873	21	9	604272	15966
ORDER	939	4	1202477	1638499	52	25	736100	117862
ORDER	940	4	309833	675367	50	22	921881	277944
ORDER	941	9	743351	1096727	42	17	837107	96618
ORDER	942	1	2485744	3238247	93	27	427678	298719
ORDER	943	3	1846549	2454882	83	1	251366	18145
ORDER	944	5	2971733	3250838	23	6	319698	63908
ORDER	945	9	3336365	4030566	35	16	526140	347352
ORDER	946	2	2068047	2353542	70	21	186288	191016
ORDER	947	8	439451	722950	13	1	671970	64190
ORDER	948	9	3170860	3540630	15	7	472371	107182
ORDER	949	6	522188	951075	4	2	100000	175064
ORDER	950	7	2215328	2613016	92	46	487003	61476
ORDER	951	5	679215	977062	64	14	568767	157707
ORDER	952	9	2435984	2827253	25	2	642975	32495
ORDER	953	7	829207	1106334	13	6	667918	77274
ORDER	954	2	1911974	2262658	93	11	879200	70455
ORDER	955	2	1655734	2045188	38	20	844370	108028
ORDER	956	9	3030942	3376000	10	4	527873	77273
ORDER	957	0	48687	358015	25	2	640078	28691
ORDER	958	6	960104	1288526	32	6	323862	63608
ORDER	959	7	1324313	1735649	60	29	1000000	29409
ORDER	960	7	1634019	1919058	39	11	353241	75803
ORDER	961	6	36691	541345	82	23	711650	71985
ORDER	962	7	697413	1112077	19	1	490857	264882
ORDER	963	7	1452152	1746031	23	4	423058	63842
ORDER	964	6	2349001	3007933	29	9	324652	112717
ORDER	965	3	2757313	3102871	28	10	151974	114519
ORDER	966	3	1302884	1779063	66	34	345407	98729
ORDER	967	3	3144925	3406284	4	1	850391	179891
ORDER	968	9	1239212	1681494	63	9	278111	289917
ORDER	969	0	1250919	1678632	30	7	645409	44683
ORDER	970	4	498246	875742	91	32	441266	145027
ORDER	971	5	1576638	2168452	68	22	382768	30456
ORDER	972	0	437647	775069	48	12	665482	76178
ORDER	973	4	948900	1453863	89	33	240596	319104
ORDER	974	4	1373672	1753825	12	5	545456	47551
ORDER	975	5	2702562	3193303	53	17	710630	160785
ORDER	976	8	1325339	1644068	89	39	485735	33882
ORDER	977	5	3296180	3578519	34	3	687994	59444
ORDER	978	8	1860976	2130314	31	10	270898	332307
ORDER	979	6	2577818	2874301	95	30	456987	339341
ORDER	980	5	313010	844754	85	36	438144	10531
ORDER	981	8	492355	804582	19	9	100000	48495
ORDER	982	0	1730509	2121923	74	19	948180	39418
ORDER	983	8	861724	1148862	58	7	551127	71983
ORDER	984	4	2789212	3058559	12	1	711854	20325
ORDER	985	1	1778031	2049516	16	1	427048	251703
ORDER	986	2	2299646	2599099	80	13	323911	178348
ORDER	987	3	114022	391426	38	1	401926	24162
ORDER	988	6	1932586	2443035	93	7	220918	44109
ORDER	989	5	1598906	2262743	36	6	632832	96431
ORDER	990	5	1755990	2090813	74	5	735235	35491
ORDER	991	9	2168313	2548165	22	12	100000	13524
ORDER	992	3	1902984	2460740	86	19	263894	94362
ORDER	993	6	418729	847807	27	4	1000000	222530
ORDER	994	0	1003058	1412792	65	4	895779	105758
ORDER	995	9	2228739	2635446	75	32	396742	88732
ORDER	996	0	56070	403976	91	19	190155	56150
ORDER	997	3	2320650	2908107	36	17	463911	21023
ORDER	998	7	1874689	2323277	61	17	920175	62438
ORDER	999	8	766812	1046757	18	2	472349	121561
